,0,1,2,3,4,5,6,7,8,9
0,97.82196044921875,92.33139038085938,92.40873718261719,92.4071273803711,92.40554809570312,92.40414428710938,92.40289306640625,92.40177154541016,92.40078735351562,150.0
1,97.82196044921875,92.33139038085938,92.40873718261719,92.4071273803711,92.40554809570312,92.40414428710938,92.40289306640625,92.40177154541016,92.40078735351562,150.0
2,97.82196044921875,92.33139038085938,92.40873718261719,92.4071273803711,92.40554809570312,92.40414428710938,92.40289306640625,92.40177154541016,92.40078735351562,132.0
3,97.82196044921875,92.33139038085938,92.40873718261719,92.4071273803711,92.40554809570312,92.40414428710938,92.40289306640625,92.40177154541016,92.40078735351562,112.0
4,97.82196044921875,92.33139038085938,92.40873718261719,92.4071273803711,92.40554809570312,92.40414428710938,92.40289306640625,92.40177154541016,92.40078735351562,92.0
5,97.82196044921875,92.33139038085938,92.40873718261719,92.4071273803711,92.40554809570312,92.40414428710938,92.40289306640625,92.40177154541016,92.40078735351562,72.0
6,97.82196044921875,92.33139038085938,92.40873718261719,92.4071273803711,92.40554809570312,92.40414428710938,92.40289306640625,92.40177154541016,92.40078735351562,52.0
7,97.82196044921875,92.33139038085938,92.40873718261719,92.4071273803711,92.40554809570312,92.40414428710938,92.40289306640625,92.40177154541016,92.40078735351562,32.0
8,97.82196044921875,92.33139038085938,92.40873718261719,92.4071273803711,92.40554809570312,92.40414428710938,92.40289306640625,92.40177154541016,92.40078735351562,12.0
9,97.82196044921875,92.33139038085938,92.40873718261719,92.4071273803711,92.40554809570312,92.40414428710938,92.40289306640625,92.40177154541016,92.40078735351562,150.0
10,96.19625091552734,90.8774185180664,90.9440689086914,90.94657135009766,90.94871520996094,90.95094299316406,90.9532470703125,90.95563507080078,90.95809173583984,139.0
11,96.19625091552734,90.8774185180664,90.9440689086914,90.94657135009766,90.94871520996094,90.95094299316406,90.9532470703125,90.95563507080078,90.95809173583984,119.0
12,96.19625091552734,90.8774185180664,90.9440689086914,90.94657135009766,90.94871520996094,90.95094299316406,90.9532470703125,90.95563507080078,90.95809173583984,99.0
13,96.19625091552734,90.8774185180664,90.9440689086914,90.94657135009766,90.94871520996094,90.95094299316406,90.9532470703125,90.95563507080078,90.95809173583984,79.0
14,96.19625091552734,90.8774185180664,90.9440689086914,90.94657135009766,90.94871520996094,90.95094299316406,90.9532470703125,90.95563507080078,90.95809173583984,59.0
15,96.19625091552734,90.8774185180664,90.9440689086914,90.94657135009766,90.94871520996094,90.95094299316406,90.9532470703125,90.95563507080078,90.95809173583984,39.0
16,96.19625091552734,90.8774185180664,90.9440689086914,90.94657135009766,90.94871520996094,90.95094299316406,90.9532470703125,90.95563507080078,90.95809173583984,19.0
17,96.19625091552734,90.8774185180664,90.9440689086914,90.94657135009766,90.94871520996094,90.95094299316406,90.9532470703125,90.95563507080078,90.95809173583984,150.0
18,96.19625091552734,90.8774185180664,90.9440689086914,90.94657135009766,90.94871520996094,90.95094299316406,90.9532470703125,90.95563507080078,90.95809173583984,149.0
19,96.19625091552734,90.8774185180664,90.9440689086914,90.94657135009766,90.94871520996094,90.95094299316406,90.9532470703125,90.95563507080078,90.95809173583984,129.0
20,94.78477478027344,89.72328186035156,89.77873229980469,89.78439331054688,89.78938293457031,89.79438018798828,89.79938507080078,89.80442810058594,89.80949401855469,109.0
21,94.78477478027344,89.72328186035156,89.77873229980469,89.78439331054688,89.78938293457031,89.79438018798828,89.79938507080078,89.80442810058594,89.80949401855469,89.0
22,94.78477478027344,89.72328186035156,89.77873229980469,89.78439331054688,89.78938293457031,89.79438018798828,89.79938507080078,89.80442810058594,89.80949401855469,69.0
23,94.78477478027344,89.72328186035156,89.77873229980469,89.78439331054688,89.78938293457031,89.79438018798828,89.79938507080078,89.80442810058594,89.80949401855469,49.0
24,94.78477478027344,89.72328186035156,89.77873229980469,89.78439331054688,89.78938293457031,89.79438018798828,89.79938507080078,89.80442810058594,89.80949401855469,29.0
25,94.78477478027344,89.72328186035156,89.77873229980469,89.78439331054688,89.78938293457031,89.79438018798828,89.79938507080078,89.80442810058594,89.80949401855469,9.0
26,94.78477478027344,89.72328186035156,89.77873229980469,89.78439331054688,89.78938293457031,89.79438018798828,89.79938507080078,89.80442810058594,89.80949401855469,150.0
27,94.78477478027344,89.72328186035156,89.77873229980469,89.78439331054688,89.78938293457031,89.79438018798828,89.79938507080078,89.80442810058594,89.80949401855469,148.0
28,94.78477478027344,89.72328186035156,89.77873229980469,89.78439331054688,89.78938293457031,89.79438018798828,89.79938507080078,89.80442810058594,89.80949401855469,128.0
29,94.78477478027344,89.72328186035156,89.77873229980469,89.78439331054688,89.78938293457031,89.79438018798828,89.79938507080078,89.80442810058594,89.80949401855469,108.0
30,93.39723205566406,88.67218017578125,88.71663665771484,88.72508239746094,88.7325668334961,88.7400131225586,88.74740600585938,88.75479125976562,88.76216888427734,88.0
31,93.39723205566406,88.67218017578125,88.71663665771484,88.72508239746094,88.7325668334961,88.7400131225586,88.74740600585938,88.75479125976562,88.76216888427734,68.0
32,93.39723205566406,88.67218017578125,88.71663665771484,88.72508239746094,88.7325668334961,88.7400131225586,88.74740600585938,88.75479125976562,88.76216888427734,48.0
33,93.39723205566406,88.67218017578125,88.71663665771484,88.72508239746094,88.7325668334961,88.7400131225586,88.74740600585938,88.75479125976562,88.76216888427734,28.0
34,93.39723205566406,88.67218017578125,88.71663665771484,88.72508239746094,88.7325668334961,88.7400131225586,88.74740600585938,88.75479125976562,88.76216888427734,8.0
35,93.39723205566406,88.67218017578125,88.71663665771484,88.72508239746094,88.7325668334961,88.7400131225586,88.74740600585938,88.75479125976562,88.76216888427734,150.0
36,93.39723205566406,88.67218017578125,88.71663665771484,88.72508239746094,88.7325668334961,88.7400131225586,88.74740600585938,88.75479125976562,88.76216888427734,150.0
37,93.39723205566406,88.67218017578125,88.71663665771484,88.72508239746094,88.7325668334961,88.7400131225586,88.74740600585938,88.75479125976562,88.76216888427734,150.0
38,93.39723205566406,88.67218017578125,88.71663665771484,88.72508239746094,88.7325668334961,88.7400131225586,88.74740600585938,88.75479125976562,88.76216888427734,150.0
39,93.39723205566406,88.67218017578125,88.71663665771484,88.72508239746094,88.7325668334961,88.7400131225586,88.74740600585938,88.75479125976562,88.76216888427734,150.0
40,92.27281188964844,87.93403625488281,87.96723937988281,87.97733306884766,87.98628234863281,87.9951400756836,88.0039291381836,88.01266479492188,88.02137756347656,139.0
41,92.27281188964844,87.93403625488281,87.96723937988281,87.97733306884766,87.98628234863281,87.9951400756836,88.0039291381836,88.01266479492188,88.02137756347656,119.0
42,92.27281188964844,87.93403625488281,87.96723937988281,87.97733306884766,87.98628234863281,87.9951400756836,88.0039291381836,88.01266479492188,88.02137756347656,99.0
43,92.27281188964844,87.93403625488281,87.96723937988281,87.97733306884766,87.98628234863281,87.9951400756836,88.0039291381836,88.01266479492188,88.02137756347656,79.0
44,92.27281188964844,87.93403625488281,87.96723937988281,87.97733306884766,87.98628234863281,87.9951400756836,88.0039291381836,88.01266479492188,88.02137756347656,59.0
45,92.27281188964844,87.93403625488281,87.96723937988281,87.97733306884766,87.98628234863281,87.9951400756836,88.0039291381836,88.01266479492188,88.02137756347656,130.0
46,92.27281188964844,87.93403625488281,87.96723937988281,87.97733306884766,87.98628234863281,87.9951400756836,88.0039291381836,88.01266479492188,88.02137756347656,110.0
47,92.27281188964844,87.93403625488281,87.96723937988281,87.97733306884766,87.98628234863281,87.9951400756836,88.0039291381836,88.01266479492188,88.02137756347656,90.0
48,92.27281188964844,87.93403625488281,87.96723937988281,87.97733306884766,87.98628234863281,87.9951400756836,88.0039291381836,88.01266479492188,88.02137756347656,70.0
49,92.27281188964844,87.93403625488281,87.96723937988281,87.97733306884766,87.98628234863281,87.9951400756836,88.0039291381836,88.01266479492188,88.02137756347656,50.0
50,91.31192779541016,87.40020751953125,87.42228698730469,87.43325805664062,87.44293975830078,87.45249938964844,87.46195983886719,87.47136688232422,87.48072814941406,30.0
51,91.31192779541016,87.40020751953125,87.42228698730469,87.43325805664062,87.44293975830078,87.45249938964844,87.46195983886719,87.47136688232422,87.48072814941406,10.0
52,91.31192779541016,87.40020751953125,87.42228698730469,87.43325805664062,87.44293975830078,87.45249938964844,87.46195983886719,87.47136688232422,87.48072814941406,150.0
53,91.31192779541016,87.40020751953125,87.42228698730469,87.43325805664062,87.44293975830078,87.45249938964844,87.46195983886719,87.47136688232422,87.48072814941406,150.0
54,91.31192779541016,87.40020751953125,87.42228698730469,87.43325805664062,87.44293975830078,87.45249938964844,87.46195983886719,87.47136688232422,87.48072814941406,141.0
55,91.31192779541016,87.40020751953125,87.42228698730469,87.43325805664062,87.44293975830078,87.45249938964844,87.46195983886719,87.47136688232422,87.48072814941406,121.0
56,91.31192779541016,87.40020751953125,87.42228698730469,87.43325805664062,87.44293975830078,87.45249938964844,87.46195983886719,87.47136688232422,87.48072814941406,101.0
57,91.31192779541016,87.40020751953125,87.42228698730469,87.43325805664062,87.44293975830078,87.45249938964844,87.46195983886719,87.47136688232422,87.48072814941406,81.0
58,91.31192779541016,87.40020751953125,87.42228698730469,87.43325805664062,87.44293975830078,87.45249938964844,87.46195983886719,87.47136688232422,87.48072814941406,61.0
59,91.31192779541016,87.40020751953125,87.42228698730469,87.43325805664062,87.44293975830078,87.45249938964844,87.46195983886719,87.47136688232422,87.48072814941406,41.0
60,90.39601135253906,86.94425964355469,86.95587921142578,86.96734619140625,86.97742462158203,86.98736572265625,86.9971923828125,87.00695037841797,87.01666259765625,21.0
61,90.39601135253906,86.94425964355469,86.95587921142578,86.96734619140625,86.97742462158203,86.98736572265625,86.9971923828125,87.00695037841797,87.01666259765625,1.0
62,90.39601135253906,86.94425964355469,86.95587921142578,86.96734619140625,86.97742462158203,86.98736572265625,86.9971923828125,87.00695037841797,87.01666259765625,150.0
63,90.39601135253906,86.94425964355469,86.95587921142578,86.96734619140625,86.97742462158203,86.98736572265625,86.9971923828125,87.00695037841797,87.01666259765625,150.0
64,90.39601135253906,86.94425964355469,86.95587921142578,86.96734619140625,86.97742462158203,86.98736572265625,86.9971923828125,87.00695037841797,87.01666259765625,150.0
65,90.39601135253906,86.94425964355469,86.95587921142578,86.96734619140625,86.97742462158203,86.98736572265625,86.9971923828125,87.00695037841797,87.01666259765625,142.0
66,90.39601135253906,86.94425964355469,86.95587921142578,86.96734619140625,86.97742462158203,86.98736572265625,86.9971923828125,87.00695037841797,87.01666259765625,122.0
67,90.39601135253906,86.94425964355469,86.95587921142578,86.96734619140625,86.97742462158203,86.98736572265625,86.9971923828125,87.00695037841797,87.01666259765625,102.0
68,90.39601135253906,86.94425964355469,86.95587921142578,86.96734619140625,86.97742462158203,86.98736572265625,86.9971923828125,87.00695037841797,87.01666259765625,82.0
69,90.39601135253906,86.94425964355469,86.95587921142578,86.96734619140625,86.97742462158203,86.98736572265625,86.9971923828125,87.00695037841797,87.01666259765625,62.0
70,89.73238372802734,86.75240325927734,86.7536849975586,86.76465606689453,86.7741928100586,86.7835922241211,86.79290008544922,86.80213928222656,86.81131744384766,42.0
71,89.73238372802734,86.75240325927734,86.7536849975586,86.76465606689453,86.7741928100586,86.7835922241211,86.79290008544922,86.80213928222656,86.81131744384766,22.0
72,89.73238372802734,86.75240325927734,86.7536849975586,86.76465606689453,86.7741928100586,86.7835922241211,86.79290008544922,86.80213928222656,86.81131744384766,150.0
73,89.73238372802734,86.75240325927734,86.7536849975586,86.76465606689453,86.7741928100586,86.7835922241211,86.79290008544922,86.80213928222656,86.81131744384766,150.0
74,89.73238372802734,86.75240325927734,86.7536849975586,86.76465606689453,86.7741928100586,86.7835922241211,86.79290008544922,86.80213928222656,86.81131744384766,150.0
75,89.73238372802734,86.75240325927734,86.7536849975586,86.76465606689453,86.7741928100586,86.7835922241211,86.79290008544922,86.80213928222656,86.81131744384766,150.0
76,89.73238372802734,86.75240325927734,86.7536849975586,86.76465606689453,86.7741928100586,86.7835922241211,86.79290008544922,86.80213928222656,86.81131744384766,140.0
77,89.73238372802734,86.75240325927734,86.7536849975586,86.76465606689453,86.7741928100586,86.7835922241211,86.79290008544922,86.80213928222656,86.81131744384766,120.0
78,89.73238372802734,86.75240325927734,86.7536849975586,86.76465606689453,86.7741928100586,86.7835922241211,86.79290008544922,86.80213928222656,86.81131744384766,100.0
79,89.73238372802734,86.75240325927734,86.7536849975586,86.76465606689453,86.7741928100586,86.7835922241211,86.79290008544922,86.80213928222656,86.81131744384766,80.0
80,89.55083465576172,87.036865234375,87.02717590332031,87.03598022460938,87.0433578491211,87.05065155029297,87.05787658691406,87.06505584716797,87.07222747802734,60.0
81,89.55083465576172,87.036865234375,87.02717590332031,87.03598022460938,87.0433578491211,87.05065155029297,87.05787658691406,87.06505584716797,87.07222747802734,40.0
82,89.55083465576172,87.036865234375,87.02717590332031,87.03598022460938,87.0433578491211,87.05065155029297,87.05787658691406,87.06505584716797,87.07222747802734,150.0
83,89.55083465576172,87.036865234375,87.02717590332031,87.03598022460938,87.0433578491211,87.05065155029297,87.05787658691406,87.06505584716797,87.07222747802734,130.0
84,89.55083465576172,87.036865234375,87.02717590332031,87.03598022460938,87.0433578491211,87.05065155029297,87.05787658691406,87.06505584716797,87.07222747802734,110.0
85,89.55083465576172,87.036865234375,87.02717590332031,87.03598022460938,87.0433578491211,87.05065155029297,87.05787658691406,87.06505584716797,87.07222747802734,90.0
86,89.55083465576172,87.036865234375,87.02717590332031,87.03598022460938,87.0433578491211,87.05065155029297,87.05787658691406,87.06505584716797,87.07222747802734,70.0
87,89.55083465576172,87.036865234375,87.02717590332031,87.03598022460938,87.0433578491211,87.05065155029297,87.05787658691406,87.06505584716797,87.07222747802734,50.0
88,89.55083465576172,87.036865234375,87.02717590332031,87.03598022460938,87.0433578491211,87.05065155029297,87.05787658691406,87.06505584716797,87.07222747802734,30.0
89,89.55083465576172,87.036865234375,87.02717590332031,87.03598022460938,87.0433578491211,87.05065155029297,87.05787658691406,87.06505584716797,87.07222747802734,10.0
90,89.076904296875,87.04048156738281,87.02201843261719,87.0295181274414,87.03565216064453,87.04170989990234,87.0477066040039,87.05369567871094,87.05967712402344,143.0
91,89.076904296875,87.04048156738281,87.02201843261719,87.0295181274414,87.03565216064453,87.04170989990234,87.0477066040039,87.05369567871094,87.05967712402344,123.0
92,89.076904296875,87.04048156738281,87.02201843261719,87.0295181274414,87.03565216064453,87.04170989990234,87.0477066040039,87.05369567871094,87.05967712402344,103.0
93,89.076904296875,87.04048156738281,87.02201843261719,87.0295181274414,87.03565216064453,87.04170989990234,87.0477066040039,87.05369567871094,87.05967712402344,83.0
94,89.076904296875,87.04048156738281,87.02201843261719,87.0295181274414,87.03565216064453,87.04170989990234,87.0477066040039,87.05369567871094,87.05967712402344,63.0
95,89.076904296875,87.04048156738281,87.02201843261719,87.0295181274414,87.03565216064453,87.04170989990234,87.0477066040039,87.05369567871094,87.05967712402344,43.0
96,89.076904296875,87.04048156738281,87.02201843261719,87.0295181274414,87.03565216064453,87.04170989990234,87.0477066040039,87.05369567871094,87.05967712402344,23.0
97,89.076904296875,87.04048156738281,87.02201843261719,87.0295181274414,87.03565216064453,87.04170989990234,87.0477066040039,87.05369567871094,87.05967712402344,3.0
98,89.076904296875,87.04048156738281,87.02201843261719,87.0295181274414,87.03565216064453,87.04170989990234,87.0477066040039,87.05369567871094,87.05967712402344,150.0
99,89.076904296875,87.04048156738281,87.02201843261719,87.0295181274414,87.03565216064453,87.04170989990234,87.0477066040039,87.05369567871094,87.05967712402344,140.0
100,88.61795043945312,87.05069732666016,87.02467346191406,87.03085327148438,87.03570556640625,87.0405044555664,87.04527282714844,87.050048828125,87.05481719970703,120.0
101,88.61795043945312,87.05069732666016,87.02467346191406,87.03085327148438,87.03570556640625,87.0405044555664,87.04527282714844,87.050048828125,87.05481719970703,100.0
102,88.61795043945312,87.05069732666016,87.02467346191406,87.03085327148438,87.03570556640625,87.0405044555664,87.04527282714844,87.050048828125,87.05481719970703,80.0
103,88.61795043945312,87.05069732666016,87.02467346191406,87.03085327148438,87.03570556640625,87.0405044555664,87.04527282714844,87.050048828125,87.05481719970703,60.0
104,88.61795043945312,87.05069732666016,87.02467346191406,87.03085327148438,87.03570556640625,87.0405044555664,87.04527282714844,87.050048828125,87.05481719970703,40.0
105,88.61795043945312,87.05069732666016,87.02467346191406,87.03085327148438,87.03570556640625,87.0405044555664,87.04527282714844,87.050048828125,87.05481719970703,20.0
106,88.61795043945312,87.05069732666016,87.02467346191406,87.03085327148438,87.03570556640625,87.0405044555664,87.04527282714844,87.050048828125,87.05481719970703,0.0
107,88.61795043945312,87.05069732666016,87.02467346191406,87.03085327148438,87.03570556640625,87.0405044555664,87.04527282714844,87.050048828125,87.05481719970703,150.0
108,88.61795043945312,87.05069732666016,87.02467346191406,87.03085327148438,87.03570556640625,87.0405044555664,87.04527282714844,87.050048828125,87.05481719970703,150.0
109,88.61795043945312,87.05069732666016,87.02467346191406,87.03085327148438,87.03570556640625,87.0405044555664,87.04527282714844,87.050048828125,87.05481719970703,147.0
110,88.16778564453125,87.05310821533203,87.02079772949219,87.02566528320312,87.02930450439453,87.03291320800781,87.03650665283203,87.04010009765625,87.0437240600586,127.0
111,88.16778564453125,87.05310821533203,87.02079772949219,87.02566528320312,87.02930450439453,87.03291320800781,87.03650665283203,87.04010009765625,87.0437240600586,107.0
112,88.16778564453125,87.05310821533203,87.02079772949219,87.02566528320312,87.02930450439453,87.03291320800781,87.03650665283203,87.04010009765625,87.0437240600586,87.0
113,88.16778564453125,87.05310821533203,87.02079772949219,87.02566528320312,87.02930450439453,87.03291320800781,87.03650665283203,87.04010009765625,87.0437240600586,67.0
114,88.16778564453125,87.05310821533203,87.02079772949219,87.02566528320312,87.02930450439453,87.03291320800781,87.03650665283203,87.04010009765625,87.0437240600586,47.0
115,88.16778564453125,87.05310821533203,87.02079772949219,87.02566528320312,87.02930450439453,87.03291320800781,87.03650665283203,87.04010009765625,87.0437240600586,27.0
116,88.16778564453125,87.05310821533203,87.02079772949219,87.02566528320312,87.02930450439453,87.03291320800781,87.03650665283203,87.04010009765625,87.0437240600586,7.0
117,88.16778564453125,87.05310821533203,87.02079772949219,87.02566528320312,87.02930450439453,87.03291320800781,87.03650665283203,87.04010009765625,87.0437240600586,150.0
118,88.16778564453125,87.05310821533203,87.02079772949219,87.02566528320312,87.02930450439453,87.03291320800781,87.03650665283203,87.04010009765625,87.0437240600586,150.0
119,88.16778564453125,87.05310821533203,87.02079772949219,87.02566528320312,87.02930450439453,87.03291320800781,87.03650665283203,87.04010009765625,87.0437240600586,149.0
120,87.83496856689453,87.14741516113281,87.10969543457031,87.11300659179688,87.11516571044922,87.11732482910156,87.11949920654297,87.12168884277344,87.12391662597656,129.0
121,87.83496856689453,87.14741516113281,87.10969543457031,87.11300659179688,87.11516571044922,87.11732482910156,87.11949920654297,87.12168884277344,87.12391662597656,109.0
122,87.83496856689453,87.14741516113281,87.10969543457031,87.11300659179688,87.11516571044922,87.11732482910156,87.11949920654297,87.12168884277344,87.12391662597656,89.0
123,87.83496856689453,87.14741516113281,87.10969543457031,87.11300659179688,87.11516571044922,87.11732482910156,87.11949920654297,87.12168884277344,87.12391662597656,69.0
124,87.83496856689453,87.14741516113281,87.10969543457031,87.11300659179688,87.11516571044922,87.11732482910156,87.11949920654297,87.12168884277344,87.12391662597656,49.0
125,87.83496856689453,87.14741516113281,87.10969543457031,87.11300659179688,87.11516571044922,87.11732482910156,87.11949920654297,87.12168884277344,87.12391662597656,29.0
126,87.83496856689453,87.14741516113281,87.10969543457031,87.11300659179688,87.11516571044922,87.11732482910156,87.11949920654297,87.12168884277344,87.12391662597656,9.0
127,87.83496856689453,87.14741516113281,87.10969543457031,87.11300659179688,87.11516571044922,87.11732482910156,87.11949920654297,87.12168884277344,87.12391662597656,150.0
128,87.83496856689453,87.14741516113281,87.10969543457031,87.11300659179688,87.11516571044922,87.11732482910156,87.11949920654297,87.12168884277344,87.12391662597656,150.0
129,87.83496856689453,87.14741516113281,87.10969543457031,87.11300659179688,87.11516571044922,87.11732482910156,87.11949920654297,87.12168884277344,87.12391662597656,135.0
130,87.61371612548828,87.32286834716797,87.28065490722656,87.28216552734375,87.28265380859375,87.28317260742188,87.28372192382812,87.2843246459961,87.28496551513672,115.0
131,87.61371612548828,87.32286834716797,87.28065490722656,87.28216552734375,87.28265380859375,87.28317260742188,87.28372192382812,87.2843246459961,87.28496551513672,95.0
132,87.61371612548828,87.32286834716797,87.28065490722656,87.28216552734375,87.28265380859375,87.28317260742188,87.28372192382812,87.2843246459961,87.28496551513672,75.0
133,87.61371612548828,87.32286834716797,87.28065490722656,87.28216552734375,87.28265380859375,87.28317260742188,87.28372192382812,87.2843246459961,87.28496551513672,55.0
134,87.61371612548828,87.32286834716797,87.28065490722656,87.28216552734375,87.28265380859375,87.28317260742188,87.28372192382812,87.2843246459961,87.28496551513672,35.0
135,87.61371612548828,87.32286834716797,87.28065490722656,87.28216552734375,87.28265380859375,87.28317260742188,87.28372192382812,87.2843246459961,87.28496551513672,15.0
136,87.61371612548828,87.32286834716797,87.28065490722656,87.28216552734375,87.28265380859375,87.28317260742188,87.28372192382812,87.2843246459961,87.28496551513672,138.0
137,87.61371612548828,87.32286834716797,87.28065490722656,87.28216552734375,87.28265380859375,87.28317260742188,87.28372192382812,87.2843246459961,87.28496551513672,118.0
138,87.61371612548828,87.32286834716797,87.28065490722656,87.28216552734375,87.28265380859375,87.28317260742188,87.28372192382812,87.2843246459961,87.28496551513672,98.0
139,87.61371612548828,87.32286834716797,87.28065490722656,87.28216552734375,87.28265380859375,87.28317260742188,87.28372192382812,87.2843246459961,87.28496551513672,78.0
140,87.30863952636719,87.3811264038086,87.33607482910156,87.3362808227539,87.33557891845703,87.33492279052734,87.33432006835938,87.33379364013672,87.33331298828125,58.0
141,87.30863952636719,87.3811264038086,87.33607482910156,87.3362808227539,87.33557891845703,87.33492279052734,87.33432006835938,87.33379364013672,87.33331298828125,38.0
142,87.30863952636719,87.3811264038086,87.33607482910156,87.3362808227539,87.33557891845703,87.33492279052734,87.33432006835938,87.33379364013672,87.33331298828125,18.0
143,87.30863952636719,87.3811264038086,87.33607482910156,87.3362808227539,87.33557891845703,87.33492279052734,87.33432006835938,87.33379364013672,87.33331298828125,150.0
144,87.30863952636719,87.3811264038086,87.33607482910156,87.3362808227539,87.33557891845703,87.33492279052734,87.33432006835938,87.33379364013672,87.33331298828125,150.0
145,87.30863952636719,87.3811264038086,87.33607482910156,87.3362808227539,87.33557891845703,87.33492279052734,87.33432006835938,87.33379364013672,87.33331298828125,135.0
146,87.30863952636719,87.3811264038086,87.33607482910156,87.3362808227539,87.33557891845703,87.33492279052734,87.33432006835938,87.33379364013672,87.33331298828125,115.0
147,87.30863952636719,87.3811264038086,87.33607482910156,87.3362808227539,87.33557891845703,87.33492279052734,87.33432006835938,87.33379364013672,87.33331298828125,95.0
148,87.30863952636719,87.3811264038086,87.33607482910156,87.3362808227539,87.33557891845703,87.33492279052734,87.33432006835938,87.33379364013672,87.33331298828125,75.0
149,87.30863952636719,87.3811264038086,87.33607482910156,87.3362808227539,87.33557891845703,87.33492279052734,87.33432006835938,87.33379364013672,87.33331298828125,55.0
150,87.06549835205078,87.46321868896484,87.4163818359375,87.41529846191406,87.41343688964844,87.4116439819336,87.40992736816406,87.40827178955078,87.40670013427734,35.0
151,87.06549835205078,87.46321868896484,87.4163818359375,87.41529846191406,87.41343688964844,87.4116439819336,87.40992736816406,87.40827178955078,87.40670013427734,15.0
152,87.06549835205078,87.46321868896484,87.4163818359375,87.41529846191406,87.41343688964844,87.4116439819336,87.40992736816406,87.40827178955078,87.40670013427734,150.0
153,87.06549835205078,87.46321868896484,87.4163818359375,87.41529846191406,87.41343688964844,87.4116439819336,87.40992736816406,87.40827178955078,87.40670013427734,150.0
154,87.06549835205078,87.46321868896484,87.4163818359375,87.41529846191406,87.41343688964844,87.4116439819336,87.40992736816406,87.40827178955078,87.40670013427734,142.0
155,87.06549835205078,87.46321868896484,87.4163818359375,87.41529846191406,87.41343688964844,87.4116439819336,87.40992736816406,87.40827178955078,87.40670013427734,122.0
156,87.06549835205078,87.46321868896484,87.4163818359375,87.41529846191406,87.41343688964844,87.4116439819336,87.40992736816406,87.40827178955078,87.40670013427734,102.0
157,87.06549835205078,87.46321868896484,87.4163818359375,87.41529846191406,87.41343688964844,87.4116439819336,87.40992736816406,87.40827178955078,87.40670013427734,82.0
158,87.06549835205078,87.46321868896484,87.4163818359375,87.41529846191406,87.41343688964844,87.4116439819336,87.40992736816406,87.40827178955078,87.40670013427734,62.0
159,87.06549835205078,87.46321868896484,87.4163818359375,87.41529846191406,87.41343688964844,87.4116439819336,87.40992736816406,87.40827178955078,87.40670013427734,42.0
160,86.9079818725586,87.59066009521484,87.54288482666016,87.54048156738281,87.53742980957031,87.53446960449219,87.53160095214844,87.52880859375,87.52609252929688,22.0
161,86.9079818725586,87.59066009521484,87.54288482666016,87.54048156738281,87.53742980957031,87.53446960449219,87.53160095214844,87.52880859375,87.52609252929688,2.0
162,86.9079818725586,87.59066009521484,87.54288482666016,87.54048156738281,87.53742980957031,87.53446960449219,87.53160095214844,87.52880859375,87.52609252929688,148.0
163,86.9079818725586,87.59066009521484,87.54288482666016,87.54048156738281,87.53742980957031,87.53446960449219,87.53160095214844,87.52880859375,87.52609252929688,128.0
164,86.9079818725586,87.59066009521484,87.54288482666016,87.54048156738281,87.53742980957031,87.53446960449219,87.53160095214844,87.52880859375,87.52609252929688,108.0
165,86.9079818725586,87.59066009521484,87.54288482666016,87.54048156738281,87.53742980957031,87.53446960449219,87.53160095214844,87.52880859375,87.52609252929688,88.0
166,86.9079818725586,87.59066009521484,87.54288482666016,87.54048156738281,87.53742980957031,87.53446960449219,87.53160095214844,87.52880859375,87.52609252929688,68.0
167,86.9079818725586,87.59066009521484,87.54288482666016,87.54048156738281,87.53742980957031,87.53446960449219,87.53160095214844,87.52880859375,87.52609252929688,48.0
168,86.9079818725586,87.59066009521484,87.54288482666016,87.54048156738281,87.53742980957031,87.53446960449219,87.53160095214844,87.52880859375,87.52609252929688,28.0
169,86.9079818725586,87.59066009521484,87.54288482666016,87.54048156738281,87.53742980957031,87.53446960449219,87.53160095214844,87.52880859375,87.52609252929688,8.0
170,86.33650970458984,87.26005554199219,87.21417999267578,87.212158203125,87.2095947265625,87.20709228515625,87.20467376708984,87.20230865478516,87.20001220703125,127.0
171,86.33650970458984,87.26005554199219,87.21417999267578,87.212158203125,87.2095947265625,87.20709228515625,87.20467376708984,87.20230865478516,87.20001220703125,107.0
172,86.33650970458984,87.26005554199219,87.21417999267578,87.212158203125,87.2095947265625,87.20709228515625,87.20467376708984,87.20230865478516,87.20001220703125,87.0
173,86.33650970458984,87.26005554199219,87.21417999267578,87.212158203125,87.2095947265625,87.20709228515625,87.20467376708984,87.20230865478516,87.20001220703125,67.0
174,86.33650970458984,87.26005554199219,87.21417999267578,87.212158203125,87.2095947265625,87.20709228515625,87.20467376708984,87.20230865478516,87.20001220703125,47.0
175,86.33650970458984,87.26005554199219,87.21417999267578,87.212158203125,87.2095947265625,87.20709228515625,87.20467376708984,87.20230865478516,87.20001220703125,27.0
176,86.33650970458984,87.26005554199219,87.21417999267578,87.212158203125,87.2095947265625,87.20709228515625,87.20467376708984,87.20230865478516,87.20001220703125,7.0
177,86.33650970458984,87.26005554199219,87.21417999267578,87.212158203125,87.2095947265625,87.20709228515625,87.20467376708984,87.20230865478516,87.20001220703125,150.0
178,86.33650970458984,87.26005554199219,87.21417999267578,87.212158203125,87.2095947265625,87.20709228515625,87.20467376708984,87.20230865478516,87.20001220703125,150.0
179,86.33650970458984,87.26005554199219,87.21417999267578,87.212158203125,87.2095947265625,87.20709228515625,87.20467376708984,87.20230865478516,87.20001220703125,150.0
180,85.9310073852539,87.0531997680664,87.00957489013672,87.00761413574219,87.0052261352539,87.00289154052734,87.00061798095703,86.99840545654297,86.99624633789062,150.0
181,85.9310073852539,87.0531997680664,87.00957489013672,87.00761413574219,87.0052261352539,87.00289154052734,87.00061798095703,86.99840545654297,86.99624633789062,130.0
182,85.9310073852539,87.0531997680664,87.00957489013672,87.00761413574219,87.0052261352539,87.00289154052734,87.00061798095703,86.99840545654297,86.99624633789062,110.0
183,85.9310073852539,87.0531997680664,87.00957489013672,87.00761413574219,87.0052261352539,87.00289154052734,87.00061798095703,86.99840545654297,86.99624633789062,90.0
184,85.9310073852539,87.0531997680664,87.00957489013672,87.00761413574219,87.0052261352539,87.00289154052734,87.00061798095703,86.99840545654297,86.99624633789062,70.0
185,85.9310073852539,87.0531997680664,87.00957489013672,87.00761413574219,87.0052261352539,87.00289154052734,87.00061798095703,86.99840545654297,86.99624633789062,50.0
186,85.9310073852539,87.0531997680664,87.00957489013672,87.00761413574219,87.0052261352539,87.00289154052734,87.00061798095703,86.99840545654297,86.99624633789062,30.0
187,85.9310073852539,87.0531997680664,87.00957489013672,87.00761413574219,87.0052261352539,87.00289154052734,87.00061798095703,86.99840545654297,86.99624633789062,150.0
188,85.9310073852539,87.0531997680664,87.00957489013672,87.00761413574219,87.0052261352539,87.00289154052734,87.00061798095703,86.99840545654297,86.99624633789062,150.0
189,85.9310073852539,87.0531997680664,87.00957489013672,87.00761413574219,87.0052261352539,87.00289154052734,87.00061798095703,86.99840545654297,86.99624633789062,139.0
190,85.9706802368164,87.25312042236328,87.21078491210938,87.20758819580078,87.2041015625,87.20067596435547,87.19734191894531,87.1940689086914,87.19085693359375,119.0
191,85.9706802368164,87.25312042236328,87.21078491210938,87.20758819580078,87.2041015625,87.20067596435547,87.19734191894531,87.1940689086914,87.19085693359375,99.0
192,85.9706802368164,87.25312042236328,87.21078491210938,87.20758819580078,87.2041015625,87.20067596435547,87.19734191894531,87.1940689086914,87.19085693359375,79.0
193,85.9706802368164,87.25312042236328,87.21078491210938,87.20758819580078,87.2041015625,87.20067596435547,87.19734191894531,87.1940689086914,87.19085693359375,59.0
194,85.9706802368164,87.25312042236328,87.21078491210938,87.20758819580078,87.2041015625,87.20067596435547,87.19734191894531,87.1940689086914,87.19085693359375,39.0
195,85.9706802368164,87.25312042236328,87.21078491210938,87.20758819580078,87.2041015625,87.20067596435547,87.19734191894531,87.1940689086914,87.19085693359375,19.0
196,85.9706802368164,87.25312042236328,87.21078491210938,87.20758819580078,87.2041015625,87.20067596435547,87.19734191894531,87.1940689086914,87.19085693359375,136.0
197,85.9706802368164,87.25312042236328,87.21078491210938,87.20758819580078,87.2041015625,87.20067596435547,87.19734191894531,87.1940689086914,87.19085693359375,116.0
198,85.9706802368164,87.25312042236328,87.21078491210938,87.20758819580078,87.2041015625,87.20067596435547,87.19734191894531,87.1940689086914,87.19085693359375,96.0
199,85.9706802368164,87.25312042236328,87.21078491210938,87.20758819580078,87.2041015625,87.20067596435547,87.19734191894531,87.1940689086914,87.19085693359375,76.0
200,85.96452331542969,87.3659439086914,87.32587432861328,87.32186126708984,87.31765747070312,87.31356048583984,87.30953216552734,87.30558776855469,87.30169677734375,56.0
201,85.96452331542969,87.3659439086914,87.32587432861328,87.32186126708984,87.31765747070312,87.31356048583984,87.30953216552734,87.30558776855469,87.30169677734375,36.0
202,85.96452331542969,87.3659439086914,87.32587432861328,87.32186126708984,87.31765747070312,87.31356048583984,87.30953216552734,87.30558776855469,87.30169677734375,16.0
203,85.96452331542969,87.3659439086914,87.32587432861328,87.32186126708984,87.31765747070312,87.31356048583984,87.30953216552734,87.30558776855469,87.30169677734375,145.0
204,85.96452331542969,87.3659439086914,87.32587432861328,87.32186126708984,87.31765747070312,87.31356048583984,87.30953216552734,87.30558776855469,87.30169677734375,125.0
205,85.96452331542969,87.3659439086914,87.32587432861328,87.32186126708984,87.31765747070312,87.31356048583984,87.30953216552734,87.30558776855469,87.30169677734375,105.0
206,85.96452331542969,87.3659439086914,87.32587432861328,87.32186126708984,87.31765747070312,87.31356048583984,87.30953216552734,87.30558776855469,87.30169677734375,85.0
207,85.96452331542969,87.3659439086914,87.32587432861328,87.32186126708984,87.31765747070312,87.31356048583984,87.30953216552734,87.30558776855469,87.30169677734375,65.0
208,85.96452331542969,87.3659439086914,87.32587432861328,87.32186126708984,87.31765747070312,87.31356048583984,87.30953216552734,87.30558776855469,87.30169677734375,45.0
209,85.96452331542969,87.3659439086914,87.32587432861328,87.32186126708984,87.31765747070312,87.31356048583984,87.30953216552734,87.30558776855469,87.30169677734375,25.0
210,85.65706634521484,87.13455963134766,87.09862518310547,87.09508514404297,87.09146881103516,87.08792114257812,87.08442687988281,87.08100128173828,87.07760620117188,5.0
211,85.65706634521484,87.13455963134766,87.09862518310547,87.09508514404297,87.09146881103516,87.08792114257812,87.08442687988281,87.08100128173828,87.07760620117188,143.0
212,85.65706634521484,87.13455963134766,87.09862518310547,87.09508514404297,87.09146881103516,87.08792114257812,87.08442687988281,87.08100128173828,87.07760620117188,123.0
213,85.65706634521484,87.13455963134766,87.09862518310547,87.09508514404297,87.09146881103516,87.08792114257812,87.08442687988281,87.08100128173828,87.07760620117188,103.0
214,85.65706634521484,87.13455963134766,87.09862518310547,87.09508514404297,87.09146881103516,87.08792114257812,87.08442687988281,87.08100128173828,87.07760620117188,83.0
215,85.65706634521484,87.13455963134766,87.09862518310547,87.09508514404297,87.09146881103516,87.08792114257812,87.08442687988281,87.08100128173828,87.07760620117188,63.0
216,85.65706634521484,87.13455963134766,87.09862518310547,87.09508514404297,87.09146881103516,87.08792114257812,87.08442687988281,87.08100128173828,87.07760620117188,43.0
217,85.65706634521484,87.13455963134766,87.09862518310547,87.09508514404297,87.09146881103516,87.08792114257812,87.08442687988281,87.08100128173828,87.07760620117188,23.0
218,85.65706634521484,87.13455963134766,87.09862518310547,87.09508514404297,87.09146881103516,87.08792114257812,87.08442687988281,87.08100128173828,87.07760620117188,3.0
219,85.65706634521484,87.13455963134766,87.09862518310547,87.09508514404297,87.09146881103516,87.08792114257812,87.08442687988281,87.08100128173828,87.07760620117188,150.0
220,85.15513610839844,86.66926574707031,86.63876342773438,86.63662719726562,86.63446044921875,86.63231658935547,86.63021087646484,86.62812805175781,86.62606811523438,150.0
221,85.15513610839844,86.66926574707031,86.63876342773438,86.63662719726562,86.63446044921875,86.63231658935547,86.63021087646484,86.62812805175781,86.62606811523438,134.0
222,85.15513610839844,86.66926574707031,86.63876342773438,86.63662719726562,86.63446044921875,86.63231658935547,86.63021087646484,86.62812805175781,86.62606811523438,114.0
223,85.15513610839844,86.66926574707031,86.63876342773438,86.63662719726562,86.63446044921875,86.63231658935547,86.63021087646484,86.62812805175781,86.62606811523438,94.0
224,85.15513610839844,86.66926574707031,86.63876342773438,86.63662719726562,86.63446044921875,86.63231658935547,86.63021087646484,86.62812805175781,86.62606811523438,74.0
225,85.15513610839844,86.66926574707031,86.63876342773438,86.63662719726562,86.63446044921875,86.63231658935547,86.63021087646484,86.62812805175781,86.62606811523438,54.0
226,85.15513610839844,86.66926574707031,86.63876342773438,86.63662719726562,86.63446044921875,86.63231658935547,86.63021087646484,86.62812805175781,86.62606811523438,34.0
227,85.15513610839844,86.66926574707031,86.63876342773438,86.63662719726562,86.63446044921875,86.63231658935547,86.63021087646484,86.62812805175781,86.62606811523438,14.0
228,85.15513610839844,86.66926574707031,86.63876342773438,86.63662719726562,86.63446044921875,86.63231658935547,86.63021087646484,86.62812805175781,86.62606811523438,150.0
229,85.15513610839844,86.66926574707031,86.63876342773438,86.63662719726562,86.63446044921875,86.63231658935547,86.63021087646484,86.62812805175781,86.62606811523438,150.0
230,84.92679595947266,86.44737243652344,86.42156219482422,86.42003631591797,86.41854858398438,86.41706848144531,86.41560363769531,86.41414642333984,86.41270446777344,150.0
231,84.92679595947266,86.44737243652344,86.42156219482422,86.42003631591797,86.41854858398438,86.41706848144531,86.41560363769531,86.41414642333984,86.41270446777344,150.0
232,84.92679595947266,86.44737243652344,86.42156219482422,86.42003631591797,86.41854858398438,86.41706848144531,86.41560363769531,86.41414642333984,86.41270446777344,134.0
233,84.92679595947266,86.44737243652344,86.42156219482422,86.42003631591797,86.41854858398438,86.41706848144531,86.41560363769531,86.41414642333984,86.41270446777344,114.0
234,84.92679595947266,86.44737243652344,86.42156219482422,86.42003631591797,86.41854858398438,86.41706848144531,86.41560363769531,86.41414642333984,86.41270446777344,94.0
235,84.92679595947266,86.44737243652344,86.42156219482422,86.42003631591797,86.41854858398438,86.41706848144531,86.41560363769531,86.41414642333984,86.41270446777344,74.0
236,84.92679595947266,86.44737243652344,86.42156219482422,86.42003631591797,86.41854858398438,86.41706848144531,86.41560363769531,86.41414642333984,86.41270446777344,54.0
237,84.92679595947266,86.44737243652344,86.42156219482422,86.42003631591797,86.41854858398438,86.41706848144531,86.41560363769531,86.41414642333984,86.41270446777344,34.0
238,84.92679595947266,86.44737243652344,86.42156219482422,86.42003631591797,86.41854858398438,86.41706848144531,86.41560363769531,86.41414642333984,86.41270446777344,150.0
239,84.92679595947266,86.44737243652344,86.42156219482422,86.42003631591797,86.41854858398438,86.41706848144531,86.41560363769531,86.41414642333984,86.41270446777344,150.0
240,85.20744323730469,86.71089935302734,86.6880111694336,86.68547058105469,86.68305206298828,86.68065643310547,86.67829132080078,86.67594909667969,86.6736068725586,131.0
241,85.20744323730469,86.71089935302734,86.6880111694336,86.68547058105469,86.68305206298828,86.68065643310547,86.67829132080078,86.67594909667969,86.6736068725586,111.0
242,85.20744323730469,86.71089935302734,86.6880111694336,86.68547058105469,86.68305206298828,86.68065643310547,86.67829132080078,86.67594909667969,86.6736068725586,91.0
243,85.20744323730469,86.71089935302734,86.6880111694336,86.68547058105469,86.68305206298828,86.68065643310547,86.67829132080078,86.67594909667969,86.6736068725586,71.0
244,85.20744323730469,86.71089935302734,86.6880111694336,86.68547058105469,86.68305206298828,86.68065643310547,86.67829132080078,86.67594909667969,86.6736068725586,51.0
245,85.20744323730469,86.71089935302734,86.6880111694336,86.68547058105469,86.68305206298828,86.68065643310547,86.67829132080078,86.67594909667969,86.6736068725586,31.0
246,85.20744323730469,86.71089935302734,86.6880111694336,86.68547058105469,86.68305206298828,86.68065643310547,86.67829132080078,86.67594909667969,86.6736068725586,11.0
247,85.20744323730469,86.71089935302734,86.6880111694336,86.68547058105469,86.68305206298828,86.68065643310547,86.67829132080078,86.67594909667969,86.6736068725586,150.0
248,85.20744323730469,86.71089935302734,86.6880111694336,86.68547058105469,86.68305206298828,86.68065643310547,86.67829132080078,86.67594909667969,86.6736068725586,150.0
249,85.20744323730469,86.71089935302734,86.6880111694336,86.68547058105469,86.68305206298828,86.68065643310547,86.67829132080078,86.67594909667969,86.6736068725586,140.0
250,85.62334442138672,87.0842514038086,87.0639419555664,87.06004333496094,87.05636596679688,87.05276489257812,87.04917907714844,87.0456314086914,87.04212188720703,120.0
251,85.62334442138672,87.0842514038086,87.0639419555664,87.06004333496094,87.05636596679688,87.05276489257812,87.04917907714844,87.0456314086914,87.04212188720703,100.0
252,85.62334442138672,87.0842514038086,87.0639419555664,87.06004333496094,87.05636596679688,87.05276489257812,87.04917907714844,87.0456314086914,87.04212188720703,80.0
253,85.62334442138672,87.0842514038086,87.0639419555664,87.06004333496094,87.05636596679688,87.05276489257812,87.04917907714844,87.0456314086914,87.04212188720703,60.0
254,85.62334442138672,87.0842514038086,87.0639419555664,87.06004333496094,87.05636596679688,87.05276489257812,87.04917907714844,87.0456314086914,87.04212188720703,40.0
255,85.62334442138672,87.0842514038086,87.0639419555664,87.06004333496094,87.05636596679688,87.05276489257812,87.04917907714844,87.0456314086914,87.04212188720703,20.0
256,85.62334442138672,87.0842514038086,87.0639419555664,87.06004333496094,87.05636596679688,87.05276489257812,87.04917907714844,87.0456314086914,87.04212188720703,0.0
257,85.62334442138672,87.0842514038086,87.0639419555664,87.06004333496094,87.05636596679688,87.05276489257812,87.04917907714844,87.0456314086914,87.04212188720703,150.0
258,85.62334442138672,87.0842514038086,87.0639419555664,87.06004333496094,87.05636596679688,87.05276489257812,87.04917907714844,87.0456314086914,87.04212188720703,150.0
259,85.62334442138672,87.0842514038086,87.0639419555664,87.06004333496094,87.05636596679688,87.05276489257812,87.04917907714844,87.0456314086914,87.04212188720703,135.0
260,85.99629211425781,87.39019012451172,87.37271118164062,87.3677749633789,87.3631591796875,87.35859680175781,87.3541030883789,87.34964752197266,87.34522247314453,115.0
261,85.99629211425781,87.39019012451172,87.37271118164062,87.3677749633789,87.3631591796875,87.35859680175781,87.3541030883789,87.34964752197266,87.34522247314453,95.0
262,85.99629211425781,87.39019012451172,87.37271118164062,87.3677749633789,87.3631591796875,87.35859680175781,87.3541030883789,87.34964752197266,87.34522247314453,75.0
263,85.99629211425781,87.39019012451172,87.37271118164062,87.3677749633789,87.3631591796875,87.35859680175781,87.3541030883789,87.34964752197266,87.34522247314453,55.0
264,85.99629211425781,87.39019012451172,87.37271118164062,87.3677749633789,87.3631591796875,87.35859680175781,87.3541030883789,87.34964752197266,87.34522247314453,35.0
265,85.99629211425781,87.39019012451172,87.37271118164062,87.3677749633789,87.3631591796875,87.35859680175781,87.3541030883789,87.34964752197266,87.34522247314453,15.0
266,85.99629211425781,87.39019012451172,87.37271118164062,87.3677749633789,87.3631591796875,87.35859680175781,87.3541030883789,87.34964752197266,87.34522247314453,150.0
267,85.99629211425781,87.39019012451172,87.37271118164062,87.3677749633789,87.3631591796875,87.35859680175781,87.3541030883789,87.34964752197266,87.34522247314453,141.0
268,85.99629211425781,87.39019012451172,87.37271118164062,87.3677749633789,87.3631591796875,87.35859680175781,87.3541030883789,87.34964752197266,87.34522247314453,121.0
269,85.99629211425781,87.39019012451172,87.37271118164062,87.3677749633789,87.3631591796875,87.35859680175781,87.3541030883789,87.34964752197266,87.34522247314453,101.0
270,86.41613006591797,87.72311401367188,87.70833587646484,87.70236206054688,87.69676971435547,87.69126892089844,87.68585205078125,87.68046569824219,87.67513275146484,81.0
271,86.41613006591797,87.72311401367188,87.70833587646484,87.70236206054688,87.69676971435547,87.69126892089844,87.68585205078125,87.68046569824219,87.67513275146484,61.0
272,86.41613006591797,87.72311401367188,87.70833587646484,87.70236206054688,87.69676971435547,87.69126892089844,87.68585205078125,87.68046569824219,87.67513275146484,41.0
273,86.41613006591797,87.72311401367188,87.70833587646484,87.70236206054688,87.69676971435547,87.69126892089844,87.68585205078125,87.68046569824219,87.67513275146484,21.0
274,86.41613006591797,87.72311401367188,87.70833587646484,87.70236206054688,87.69676971435547,87.69126892089844,87.68585205078125,87.68046569824219,87.67513275146484,1.0
275,86.41613006591797,87.72311401367188,87.70833587646484,87.70236206054688,87.69676971435547,87.69126892089844,87.68585205078125,87.68046569824219,87.67513275146484,138.0
276,86.41613006591797,87.72311401367188,87.70833587646484,87.70236206054688,87.69676971435547,87.69126892089844,87.68585205078125,87.68046569824219,87.67513275146484,118.0
277,86.41613006591797,87.72311401367188,87.70833587646484,87.70236206054688,87.69676971435547,87.69126892089844,87.68585205078125,87.68046569824219,87.67513275146484,98.0
278,86.41613006591797,87.72311401367188,87.70833587646484,87.70236206054688,87.69676971435547,87.69126892089844,87.68585205078125,87.68046569824219,87.67513275146484,78.0
279,86.41613006591797,87.72311401367188,87.70833587646484,87.70236206054688,87.69676971435547,87.69126892089844,87.68585205078125,87.68046569824219,87.67513275146484,58.0
280,86.46593475341797,87.6653060913086,87.65457153320312,87.64900970458984,87.64386749267578,87.6387939453125,87.6337890625,87.62882232666016,87.62389373779297,38.0
281,86.46593475341797,87.6653060913086,87.65457153320312,87.64900970458984,87.64386749267578,87.6387939453125,87.6337890625,87.62882232666016,87.62389373779297,18.0
282,86.46593475341797,87.6653060913086,87.65457153320312,87.64900970458984,87.64386749267578,87.6387939453125,87.6337890625,87.62882232666016,87.62389373779297,150.0
283,86.46593475341797,87.6653060913086,87.65457153320312,87.64900970458984,87.64386749267578,87.6387939453125,87.6337890625,87.62882232666016,87.62389373779297,130.0
284,86.46593475341797,87.6653060913086,87.65457153320312,87.64900970458984,87.64386749267578,87.6387939453125,87.6337890625,87.62882232666016,87.62389373779297,110.0
285,86.46593475341797,87.6653060913086,87.65457153320312,87.64900970458984,87.64386749267578,87.6387939453125,87.6337890625,87.62882232666016,87.62389373779297,90.0
286,86.46593475341797,87.6653060913086,87.65457153320312,87.64900970458984,87.64386749267578,87.6387939453125,87.6337890625,87.62882232666016,87.62389373779297,70.0
287,86.46593475341797,87.6653060913086,87.65457153320312,87.64900970458984,87.64386749267578,87.6387939453125,87.6337890625,87.62882232666016,87.62389373779297,50.0
288,86.46593475341797,87.6653060913086,87.65457153320312,87.64900970458984,87.64386749267578,87.6387939453125,87.6337890625,87.62882232666016,87.62389373779297,30.0
289,86.46593475341797,87.6653060913086,87.65457153320312,87.64900970458984,87.64386749267578,87.6387939453125,87.6337890625,87.62882232666016,87.62389373779297,10.0
290,86.18324279785156,87.25932312011719,87.25370788574219,87.24987030029297,87.24640655517578,87.24298858642578,87.23959350585938,87.23622131347656,87.23285675048828,150.0
291,86.18324279785156,87.25932312011719,87.25370788574219,87.24987030029297,87.24640655517578,87.24298858642578,87.23959350585938,87.23622131347656,87.23285675048828,150.0
292,86.18324279785156,87.25932312011719,87.25370788574219,87.24987030029297,87.24640655517578,87.24298858642578,87.23959350585938,87.23622131347656,87.23285675048828,134.0
293,86.18324279785156,87.25932312011719,87.25370788574219,87.24987030029297,87.24640655517578,87.24298858642578,87.23959350585938,87.23622131347656,87.23285675048828,114.0
294,86.18324279785156,87.25932312011719,87.25370788574219,87.24987030029297,87.24640655517578,87.24298858642578,87.23959350585938,87.23622131347656,87.23285675048828,94.0
295,86.18324279785156,87.25932312011719,87.25370788574219,87.24987030029297,87.24640655517578,87.24298858642578,87.23959350585938,87.23622131347656,87.23285675048828,74.0
296,86.18324279785156,87.25932312011719,87.25370788574219,87.24987030029297,87.24640655517578,87.24298858642578,87.23959350585938,87.23622131347656,87.23285675048828,54.0
297,86.18324279785156,87.25932312011719,87.25370788574219,87.24987030029297,87.24640655517578,87.24298858642578,87.23959350585938,87.23622131347656,87.23285675048828,34.0
298,86.18324279785156,87.25932312011719,87.25370788574219,87.24987030029297,87.24640655517578,87.24298858642578,87.23959350585938,87.23622131347656,87.23285675048828,14.0
299,86.18324279785156,87.25932312011719,87.25370788574219,87.24987030029297,87.24640655517578,87.24298858642578,87.23959350585938,87.23622131347656,87.23285675048828,108.0
300,86.05329895019531,86.99874114990234,86.99745178222656,86.99486541748047,86.99263000488281,86.99042510986328,86.98821258544922,86.98600006103516,86.98377990722656,88.0
301,86.05329895019531,86.99874114990234,86.99745178222656,86.99486541748047,86.99263000488281,86.99042510986328,86.98821258544922,86.98600006103516,86.98377990722656,68.0
302,86.05329895019531,86.99874114990234,86.99745178222656,86.99486541748047,86.99263000488281,86.99042510986328,86.98821258544922,86.98600006103516,86.98377990722656,48.0
303,86.05329895019531,86.99874114990234,86.99745178222656,86.99486541748047,86.99263000488281,86.99042510986328,86.98821258544922,86.98600006103516,86.98377990722656,28.0
304,86.05329895019531,86.99874114990234,86.99745178222656,86.99486541748047,86.99263000488281,86.99042510986328,86.98821258544922,86.98600006103516,86.98377990722656,8.0
305,86.05329895019531,86.99874114990234,86.99745178222656,86.99486541748047,86.99263000488281,86.99042510986328,86.98821258544922,86.98600006103516,86.98377990722656,150.0
306,86.05329895019531,86.99874114990234,86.99745178222656,86.99486541748047,86.99263000488281,86.99042510986328,86.98821258544922,86.98600006103516,86.98377990722656,148.0
307,86.05329895019531,86.99874114990234,86.99745178222656,86.99486541748047,86.99263000488281,86.99042510986328,86.98821258544922,86.98600006103516,86.98377990722656,128.0
308,86.05329895019531,86.99874114990234,86.99745178222656,86.99486541748047,86.99263000488281,86.99042510986328,86.98821258544922,86.98600006103516,86.98377990722656,108.0
309,86.05329895019531,86.99874114990234,86.99745178222656,86.99486541748047,86.99263000488281,86.99042510986328,86.98821258544922,86.98600006103516,86.98377990722656,88.0
310,85.93923950195312,86.74888610839844,86.75155639648438,86.75019836425781,86.74917602539062,86.7481460571289,86.7470932006836,86.74600982666016,86.74490356445312,68.0
311,85.93923950195312,86.74888610839844,86.75155639648438,86.75019836425781,86.74917602539062,86.7481460571289,86.7470932006836,86.74600982666016,86.74490356445312,48.0
312,85.93923950195312,86.74888610839844,86.75155639648438,86.75019836425781,86.74917602539062,86.7481460571289,86.7470932006836,86.74600982666016,86.74490356445312,28.0
313,85.93923950195312,86.74888610839844,86.75155639648438,86.75019836425781,86.74917602539062,86.7481460571289,86.7470932006836,86.74600982666016,86.74490356445312,8.0
314,85.93923950195312,86.74888610839844,86.75155639648438,86.75019836425781,86.74917602539062,86.7481460571289,86.7470932006836,86.74600982666016,86.74490356445312,150.0
315,85.93923950195312,86.74888610839844,86.75155639648438,86.75019836425781,86.74917602539062,86.7481460571289,86.7470932006836,86.74600982666016,86.74490356445312,150.0
316,85.93923950195312,86.74888610839844,86.75155639648438,86.75019836425781,86.74917602539062,86.7481460571289,86.7470932006836,86.74600982666016,86.74490356445312,150.0
317,85.93923950195312,86.74888610839844,86.75155639648438,86.75019836425781,86.74917602539062,86.7481460571289,86.7470932006836,86.74600982666016,86.74490356445312,136.0
318,85.93923950195312,86.74888610839844,86.75155639648438,86.75019836425781,86.74917602539062,86.7481460571289,86.7470932006836,86.74600982666016,86.74490356445312,116.0
319,85.93923950195312,86.74888610839844,86.75155639648438,86.75019836425781,86.74917602539062,86.7481460571289,86.7470932006836,86.74600982666016,86.74490356445312,96.0
320,86.01183319091797,86.68450927734375,86.69014739990234,86.68936157226562,86.68891143798828,86.68841552734375,86.68790435791016,86.68734741210938,86.686767578125,76.0
321,86.01183319091797,86.68450927734375,86.69014739990234,86.68936157226562,86.68891143798828,86.68841552734375,86.68790435791016,86.68734741210938,86.686767578125,56.0
322,86.01183319091797,86.68450927734375,86.69014739990234,86.68936157226562,86.68891143798828,86.68841552734375,86.68790435791016,86.68734741210938,86.686767578125,36.0
323,86.01183319091797,86.68450927734375,86.69014739990234,86.68936157226562,86.68891143798828,86.68841552734375,86.68790435791016,86.68734741210938,86.686767578125,16.0
324,86.01183319091797,86.68450927734375,86.69014739990234,86.68936157226562,86.68891143798828,86.68841552734375,86.68790435791016,86.68734741210938,86.686767578125,150.0
325,86.01183319091797,86.68450927734375,86.69014739990234,86.68936157226562,86.68891143798828,86.68841552734375,86.68790435791016,86.68734741210938,86.686767578125,150.0
326,86.01183319091797,86.68450927734375,86.69014739990234,86.68936157226562,86.68891143798828,86.68841552734375,86.68790435791016,86.68734741210938,86.686767578125,136.0
327,86.01183319091797,86.68450927734375,86.69014739990234,86.68936157226562,86.68891143798828,86.68841552734375,86.68790435791016,86.68734741210938,86.686767578125,116.0
328,86.01183319091797,86.68450927734375,86.69014739990234,86.68936157226562,86.68891143798828,86.68841552734375,86.68790435791016,86.68734741210938,86.686767578125,96.0
329,86.01183319091797,86.68450927734375,86.69014739990234,86.68936157226562,86.68891143798828,86.68841552734375,86.68790435791016,86.68734741210938,86.686767578125,76.0
330,86.1700210571289,86.70655822753906,86.71446228027344,86.71393585205078,86.71372985839844,86.71348571777344,86.71321105957031,86.712890625,86.71253204345703,56.0
331,86.1700210571289,86.70655822753906,86.71446228027344,86.71393585205078,86.71372985839844,86.71348571777344,86.71321105957031,86.712890625,86.71253204345703,36.0
332,86.1700210571289,86.70655822753906,86.71446228027344,86.71393585205078,86.71372985839844,86.71348571777344,86.71321105957031,86.712890625,86.71253204345703,16.0
333,86.1700210571289,86.70655822753906,86.71446228027344,86.71393585205078,86.71372985839844,86.71348571777344,86.71321105957031,86.712890625,86.71253204345703,150.0
334,86.1700210571289,86.70655822753906,86.71446228027344,86.71393585205078,86.71372985839844,86.71348571777344,86.71321105957031,86.712890625,86.71253204345703,150.0
335,86.1700210571289,86.70655822753906,86.71446228027344,86.71393585205078,86.71372985839844,86.71348571777344,86.71321105957031,86.712890625,86.71253204345703,147.0
336,86.1700210571289,86.70655822753906,86.71446228027344,86.71393585205078,86.71372985839844,86.71348571777344,86.71321105957031,86.712890625,86.71253204345703,127.0
337,86.1700210571289,86.70655822753906,86.71446228027344,86.71393585205078,86.71372985839844,86.71348571777344,86.71321105957031,86.712890625,86.71253204345703,107.0
338,86.1700210571289,86.70655822753906,86.71446228027344,86.71393585205078,86.71372985839844,86.71348571777344,86.71321105957031,86.712890625,86.71253204345703,87.0
339,86.1700210571289,86.70655822753906,86.71446228027344,86.71393585205078,86.71372985839844,86.71348571777344,86.71321105957031,86.712890625,86.71253204345703,67.0
340,86.47055053710938,86.8741683959961,86.88345336914062,86.8826675415039,86.8821792602539,86.88168334960938,86.88114929199219,86.88058471679688,86.87998962402344,47.0
341,86.47055053710938,86.8741683959961,86.88345336914062,86.8826675415039,86.8821792602539,86.88168334960938,86.88114929199219,86.88058471679688,86.87998962402344,27.0
342,86.47055053710938,86.8741683959961,86.88345336914062,86.8826675415039,86.8821792602539,86.88168334960938,86.88114929199219,86.88058471679688,86.87998962402344,7.0
343,86.47055053710938,86.8741683959961,86.88345336914062,86.8826675415039,86.8821792602539,86.88168334960938,86.88114929199219,86.88058471679688,86.87998962402344,150.0
344,86.47055053710938,86.8741683959961,86.88345336914062,86.8826675415039,86.8821792602539,86.88168334960938,86.88114929199219,86.88058471679688,86.87998962402344,150.0
345,86.47055053710938,86.8741683959961,86.88345336914062,86.8826675415039,86.8821792602539,86.88168334960938,86.88114929199219,86.88058471679688,86.87998962402344,132.0
346,86.47055053710938,86.8741683959961,86.88345336914062,86.8826675415039,86.8821792602539,86.88168334960938,86.88114929199219,86.88058471679688,86.87998962402344,112.0
347,86.47055053710938,86.8741683959961,86.88345336914062,86.8826675415039,86.8821792602539,86.88168334960938,86.88114929199219,86.88058471679688,86.87998962402344,92.0
348,86.47055053710938,86.8741683959961,86.88345336914062,86.8826675415039,86.8821792602539,86.88168334960938,86.88114929199219,86.88058471679688,86.87998962402344,72.0
349,86.47055053710938,86.8741683959961,86.88345336914062,86.8826675415039,86.8821792602539,86.88168334960938,86.88114929199219,86.88058471679688,86.87998962402344,52.0
350,86.69535064697266,86.97111511230469,86.98164367675781,86.9808120727539,86.98028564453125,86.979736328125,86.97917175292969,86.97855377197266,86.97792053222656,32.0
351,86.69535064697266,86.97111511230469,86.98164367675781,86.9808120727539,86.98028564453125,86.979736328125,86.97917175292969,86.97855377197266,86.97792053222656,12.0
352,86.69535064697266,86.97111511230469,86.98164367675781,86.9808120727539,86.98028564453125,86.979736328125,86.97917175292969,86.97855377197266,86.97792053222656,138.0
353,86.69535064697266,86.97111511230469,86.98164367675781,86.9808120727539,86.98028564453125,86.979736328125,86.97917175292969,86.97855377197266,86.97792053222656,118.0
354,86.69535064697266,86.97111511230469,86.98164367675781,86.9808120727539,86.98028564453125,86.979736328125,86.97917175292969,86.97855377197266,86.97792053222656,98.0
355,86.69535064697266,86.97111511230469,86.98164367675781,86.9808120727539,86.98028564453125,86.979736328125,86.97917175292969,86.97855377197266,86.97792053222656,78.0
356,86.69535064697266,86.97111511230469,86.98164367675781,86.9808120727539,86.98028564453125,86.979736328125,86.97917175292969,86.97855377197266,86.97792053222656,58.0
357,86.69535064697266,86.97111511230469,86.98164367675781,86.9808120727539,86.98028564453125,86.979736328125,86.97917175292969,86.97855377197266,86.97792053222656,38.0
358,86.69535064697266,86.97111511230469,86.98164367675781,86.9808120727539,86.98028564453125,86.979736328125,86.97917175292969,86.97855377197266,86.97792053222656,18.0
359,86.69535064697266,86.97111511230469,86.98164367675781,86.9808120727539,86.98028564453125,86.979736328125,86.97917175292969,86.97855377197266,86.97792053222656,150.0
360,86.64979553222656,86.80525207519531,86.81758117675781,86.8176040649414,86.81788635253906,86.8181381225586,86.81835174560547,86.81851959228516,86.81864166259766,150.0
361,86.64979553222656,86.80525207519531,86.81758117675781,86.8176040649414,86.81788635253906,86.8181381225586,86.81835174560547,86.81851959228516,86.81864166259766,150.0
362,86.64979553222656,86.80525207519531,86.81758117675781,86.8176040649414,86.81788635253906,86.8181381225586,86.81835174560547,86.81851959228516,86.81864166259766,150.0
363,86.64979553222656,86.80525207519531,86.81758117675781,86.8176040649414,86.81788635253906,86.8181381225586,86.81835174560547,86.81851959228516,86.81864166259766,150.0
364,86.64979553222656,86.80525207519531,86.81758117675781,86.8176040649414,86.81788635253906,86.8181381225586,86.81835174560547,86.81851959228516,86.81864166259766,136.0
365,86.64979553222656,86.80525207519531,86.81758117675781,86.8176040649414,86.81788635253906,86.8181381225586,86.81835174560547,86.81851959228516,86.81864166259766,116.0
366,86.64979553222656,86.80525207519531,86.81758117675781,86.8176040649414,86.81788635253906,86.8181381225586,86.81835174560547,86.81851959228516,86.81864166259766,96.0
367,86.64979553222656,86.80525207519531,86.81758117675781,86.8176040649414,86.81788635253906,86.8181381225586,86.81835174560547,86.81851959228516,86.81864166259766,76.0
368,86.64979553222656,86.80525207519531,86.81758117675781,86.8176040649414,86.81788635253906,86.8181381225586,86.81835174560547,86.81851959228516,86.81864166259766,56.0
369,86.64979553222656,86.80525207519531,86.81758117675781,86.8176040649414,86.81788635253906,86.8181381225586,86.81835174560547,86.81851959228516,86.81864166259766,150.0
370,87.31909942626953,87.36149597167969,87.37278747558594,87.37116241455078,87.36981201171875,87.36847686767578,87.36712646484375,87.36575317382812,87.3643798828125,150.0
371,87.31909942626953,87.36149597167969,87.37278747558594,87.37116241455078,87.36981201171875,87.36847686767578,87.36712646484375,87.36575317382812,87.3643798828125,150.0
372,87.31909942626953,87.36149597167969,87.37278747558594,87.37116241455078,87.36981201171875,87.36847686767578,87.36712646484375,87.36575317382812,87.3643798828125,134.0
373,87.31909942626953,87.36149597167969,87.37278747558594,87.37116241455078,87.36981201171875,87.36847686767578,87.36712646484375,87.36575317382812,87.3643798828125,114.0
374,87.31909942626953,87.36149597167969,87.37278747558594,87.37116241455078,87.36981201171875,87.36847686767578,87.36712646484375,87.36575317382812,87.3643798828125,94.0
375,87.31909942626953,87.36149597167969,87.37278747558594,87.37116241455078,87.36981201171875,87.36847686767578,87.36712646484375,87.36575317382812,87.3643798828125,74.0
376,87.31909942626953,87.36149597167969,87.37278747558594,87.37116241455078,87.36981201171875,87.36847686767578,87.36712646484375,87.36575317382812,87.3643798828125,54.0
377,87.31909942626953,87.36149597167969,87.37278747558594,87.37116241455078,87.36981201171875,87.36847686767578,87.36712646484375,87.36575317382812,87.3643798828125,34.0
378,87.31909942626953,87.36149597167969,87.37278747558594,87.37116241455078,87.36981201171875,87.36847686767578,87.36712646484375,87.36575317382812,87.3643798828125,14.0
379,87.31909942626953,87.36149597167969,87.37278747558594,87.37116241455078,87.36981201171875,87.36847686767578,87.36712646484375,87.36575317382812,87.3643798828125,150.0
380,88.1109848022461,88.04933166503906,88.05883026123047,88.05510711669922,88.05171203613281,88.04834747314453,88.0450210571289,88.04170989990234,88.03842163085938,150.0
381,88.1109848022461,88.04933166503906,88.05883026123047,88.05510711669922,88.05171203613281,88.04834747314453,88.0450210571289,88.04170989990234,88.03842163085938,150.0
382,88.1109848022461,88.04933166503906,88.05883026123047,88.05510711669922,88.05171203613281,88.04834747314453,88.0450210571289,88.04170989990234,88.03842163085938,135.0
383,88.1109848022461,88.04933166503906,88.05883026123047,88.05510711669922,88.05171203613281,88.04834747314453,88.0450210571289,88.04170989990234,88.03842163085938,115.0
384,88.1109848022461,88.04933166503906,88.05883026123047,88.05510711669922,88.05171203613281,88.04834747314453,88.0450210571289,88.04170989990234,88.03842163085938,95.0
385,88.1109848022461,88.04933166503906,88.05883026123047,88.05510711669922,88.05171203613281,88.04834747314453,88.0450210571289,88.04170989990234,88.03842163085938,75.0
386,88.1109848022461,88.04933166503906,88.05883026123047,88.05510711669922,88.05171203613281,88.04834747314453,88.0450210571289,88.04170989990234,88.03842163085938,55.0
387,88.1109848022461,88.04933166503906,88.05883026123047,88.05510711669922,88.05171203613281,88.04834747314453,88.0450210571289,88.04170989990234,88.03842163085938,35.0
388,88.1109848022461,88.04933166503906,88.05883026123047,88.05510711669922,88.05171203613281,88.04834747314453,88.0450210571289,88.04170989990234,88.03842163085938,15.0
389,88.1109848022461,88.04933166503906,88.05883026123047,88.05510711669922,88.05171203613281,88.04834747314453,88.0450210571289,88.04170989990234,88.03842163085938,150.0
390,89.01406860351562,88.8582763671875,88.86534881591797,88.85918426513672,88.85336303710938,88.84764099121094,88.84199523925781,88.8364028930664,88.83087158203125,150.0
391,89.01406860351562,88.8582763671875,88.86534881591797,88.85918426513672,88.85336303710938,88.84764099121094,88.84199523925781,88.8364028930664,88.83087158203125,138.0
392,89.01406860351562,88.8582763671875,88.86534881591797,88.85918426513672,88.85336303710938,88.84764099121094,88.84199523925781,88.8364028930664,88.83087158203125,118.0
393,89.01406860351562,88.8582763671875,88.86534881591797,88.85918426513672,88.85336303710938,88.84764099121094,88.84199523925781,88.8364028930664,88.83087158203125,98.0
394,89.01406860351562,88.8582763671875,88.86534881591797,88.85918426513672,88.85336303710938,88.84764099121094,88.84199523925781,88.8364028930664,88.83087158203125,78.0
395,89.01406860351562,88.8582763671875,88.86534881591797,88.85918426513672,88.85336303710938,88.84764099121094,88.84199523925781,88.8364028930664,88.83087158203125,58.0
396,89.01406860351562,88.8582763671875,88.86534881591797,88.85918426513672,88.85336303710938,88.84764099121094,88.84199523925781,88.8364028930664,88.83087158203125,38.0
397,89.01406860351562,88.8582763671875,88.86534881591797,88.85918426513672,88.85336303710938,88.84764099121094,88.84199523925781,88.8364028930664,88.83087158203125,18.0
398,89.01406860351562,88.8582763671875,88.86534881591797,88.85918426513672,88.85336303710938,88.84764099121094,88.84199523925781,88.8364028930664,88.83087158203125,150.0
399,89.01406860351562,88.8582763671875,88.86534881591797,88.85918426513672,88.85336303710938,88.84764099121094,88.84199523925781,88.8364028930664,88.83087158203125,150.0
400,90.04432678222656,89.80485534667969,89.8088607788086,89.79987335205078,89.79126739501953,89.78282165527344,89.7745132446289,89.76630401611328,89.7581787109375,150.0
401,90.04432678222656,89.80485534667969,89.8088607788086,89.79987335205078,89.79126739501953,89.78282165527344,89.7745132446289,89.76630401611328,89.7581787109375,133.0
402,90.04432678222656,89.80485534667969,89.8088607788086,89.79987335205078,89.79126739501953,89.78282165527344,89.7745132446289,89.76630401611328,89.7581787109375,113.0
403,90.04432678222656,89.80485534667969,89.8088607788086,89.79987335205078,89.79126739501953,89.78282165527344,89.7745132446289,89.76630401611328,89.7581787109375,93.0
404,90.04432678222656,89.80485534667969,89.8088607788086,89.79987335205078,89.79126739501953,89.78282165527344,89.7745132446289,89.76630401611328,89.7581787109375,73.0
405,90.04432678222656,89.80485534667969,89.8088607788086,89.79987335205078,89.79126739501953,89.78282165527344,89.7745132446289,89.76630401611328,89.7581787109375,53.0
406,90.04432678222656,89.80485534667969,89.8088607788086,89.79987335205078,89.79126739501953,89.78282165527344,89.7745132446289,89.76630401611328,89.7581787109375,33.0
407,90.04432678222656,89.80485534667969,89.8088607788086,89.79987335205078,89.79126739501953,89.78282165527344,89.7745132446289,89.76630401611328,89.7581787109375,13.0
408,90.04432678222656,89.80485534667969,89.8088607788086,89.79987335205078,89.79126739501953,89.78282165527344,89.7745132446289,89.76630401611328,89.7581787109375,150.0
409,90.04432678222656,89.80485534667969,89.8088607788086,89.79987335205078,89.79126739501953,89.78282165527344,89.7745132446289,89.76630401611328,89.7581787109375,150.0
410,91.10049438476562,90.78890991210938,90.7896499633789,90.7778549194336,90.76648712158203,90.75534057617188,90.74437713623047,90.73355102539062,90.72286224365234,150.0
411,91.10049438476562,90.78890991210938,90.7896499633789,90.7778549194336,90.76648712158203,90.75534057617188,90.74437713623047,90.73355102539062,90.72286224365234,133.0
412,91.10049438476562,90.78890991210938,90.7896499633789,90.7778549194336,90.76648712158203,90.75534057617188,90.74437713623047,90.73355102539062,90.72286224365234,113.0
413,91.10049438476562,90.78890991210938,90.7896499633789,90.7778549194336,90.76648712158203,90.75534057617188,90.74437713623047,90.73355102539062,90.72286224365234,93.0
414,91.10049438476562,90.78890991210938,90.7896499633789,90.7778549194336,90.76648712158203,90.75534057617188,90.74437713623047,90.73355102539062,90.72286224365234,73.0
415,91.10049438476562,90.78890991210938,90.7896499633789,90.7778549194336,90.76648712158203,90.75534057617188,90.74437713623047,90.73355102539062,90.72286224365234,53.0
416,91.10049438476562,90.78890991210938,90.7896499633789,90.7778549194336,90.76648712158203,90.75534057617188,90.74437713623047,90.73355102539062,90.72286224365234,33.0
417,91.10049438476562,90.78890991210938,90.7896499633789,90.7778549194336,90.76648712158203,90.75534057617188,90.74437713623047,90.73355102539062,90.72286224365234,13.0
418,91.10049438476562,90.78890991210938,90.7896499633789,90.7778549194336,90.76648712158203,90.75534057617188,90.74437713623047,90.73355102539062,90.72286224365234,150.0
419,91.10049438476562,90.78890991210938,90.7896499633789,90.7778549194336,90.76648712158203,90.75534057617188,90.74437713623047,90.73355102539062,90.72286224365234,150.0
420,92.15987396240234,91.78834533691406,91.78573608398438,91.77127075195312,91.75727844238281,91.74356079101562,91.73007202148438,91.71676635742188,91.70361328125,135.0
421,92.15987396240234,91.78834533691406,91.78573608398438,91.77127075195312,91.75727844238281,91.74356079101562,91.73007202148438,91.71676635742188,91.70361328125,115.0
422,92.15987396240234,91.78834533691406,91.78573608398438,91.77127075195312,91.75727844238281,91.74356079101562,91.73007202148438,91.71676635742188,91.70361328125,95.0
423,92.15987396240234,91.78834533691406,91.78573608398438,91.77127075195312,91.75727844238281,91.74356079101562,91.73007202148438,91.71676635742188,91.70361328125,75.0
424,92.15987396240234,91.78834533691406,91.78573608398438,91.77127075195312,91.75727844238281,91.74356079101562,91.73007202148438,91.71676635742188,91.70361328125,55.0
425,92.15987396240234,91.78834533691406,91.78573608398438,91.77127075195312,91.75727844238281,91.74356079101562,91.73007202148438,91.71676635742188,91.70361328125,35.0
426,92.15987396240234,91.78834533691406,91.78573608398438,91.77127075195312,91.75727844238281,91.74356079101562,91.73007202148438,91.71676635742188,91.70361328125,15.0
427,92.15987396240234,91.78834533691406,91.78573608398438,91.77127075195312,91.75727844238281,91.74356079101562,91.73007202148438,91.71676635742188,91.70361328125,150.0
428,92.15987396240234,91.78834533691406,91.78573608398438,91.77127075195312,91.75727844238281,91.74356079101562,91.73007202148438,91.71676635742188,91.70361328125,150.0
429,92.15987396240234,91.78834533691406,91.78573608398438,91.77127075195312,91.75727844238281,91.74356079101562,91.73007202148438,91.71676635742188,91.70361328125,150.0
430,93.23051452636719,92.81124877929688,92.80526733398438,92.78829956054688,92.77183532714844,92.75569152832031,92.73982238769531,92.72416687011719,92.70870208740234,150.0
431,93.23051452636719,92.81124877929688,92.80526733398438,92.78829956054688,92.77183532714844,92.75569152832031,92.73982238769531,92.72416687011719,92.70870208740234,150.0
432,93.23051452636719,92.81124877929688,92.80526733398438,92.78829956054688,92.77183532714844,92.75569152832031,92.73982238769531,92.72416687011719,92.70870208740234,137.0
433,93.23051452636719,92.81124877929688,92.80526733398438,92.78829956054688,92.77183532714844,92.75569152832031,92.73982238769531,92.72416687011719,92.70870208740234,117.0
434,93.23051452636719,92.81124877929688,92.80526733398438,92.78829956054688,92.77183532714844,92.75569152832031,92.73982238769531,92.72416687011719,92.70870208740234,97.0
435,93.23051452636719,92.81124877929688,92.80526733398438,92.78829956054688,92.77183532714844,92.75569152832031,92.73982238769531,92.72416687011719,92.70870208740234,77.0
436,93.23051452636719,92.81124877929688,92.80526733398438,92.78829956054688,92.77183532714844,92.75569152832031,92.73982238769531,92.72416687011719,92.70870208740234,57.0
437,93.23051452636719,92.81124877929688,92.80526733398438,92.78829956054688,92.77183532714844,92.75569152832031,92.73982238769531,92.72416687011719,92.70870208740234,150.0
438,93.23051452636719,92.81124877929688,92.80526733398438,92.78829956054688,92.77183532714844,92.75569152832031,92.73982238769531,92.72416687011719,92.70870208740234,150.0
439,93.23051452636719,92.81124877929688,92.80526733398438,92.78829956054688,92.77183532714844,92.75569152832031,92.73982238769531,92.72416687011719,92.70870208740234,133.0
440,94.80287170410156,94.34394073486328,94.33299255371094,94.31205749511719,94.29173278808594,94.27178955078125,94.25216674804688,94.23282623291016,94.2137222290039,113.0
441,94.80287170410156,94.34394073486328,94.33299255371094,94.31205749511719,94.29173278808594,94.27178955078125,94.25216674804688,94.23282623291016,94.2137222290039,93.0
442,94.80287170410156,94.34394073486328,94.33299255371094,94.31205749511719,94.29173278808594,94.27178955078125,94.25216674804688,94.23282623291016,94.2137222290039,73.0
443,94.80287170410156,94.34394073486328,94.33299255371094,94.31205749511719,94.29173278808594,94.27178955078125,94.25216674804688,94.23282623291016,94.2137222290039,53.0
444,94.80287170410156,94.34394073486328,94.33299255371094,94.31205749511719,94.29173278808594,94.27178955078125,94.25216674804688,94.23282623291016,94.2137222290039,33.0
445,94.80287170410156,94.34394073486328,94.33299255371094,94.31205749511719,94.29173278808594,94.27178955078125,94.25216674804688,94.23282623291016,94.2137222290039,13.0
446,94.80287170410156,94.34394073486328,94.33299255371094,94.31205749511719,94.29173278808594,94.27178955078125,94.25216674804688,94.23282623291016,94.2137222290039,117.0
447,94.80287170410156,94.34394073486328,94.33299255371094,94.31205749511719,94.29173278808594,94.27178955078125,94.25216674804688,94.23282623291016,94.2137222290039,97.0
448,94.80287170410156,94.34394073486328,94.33299255371094,94.31205749511719,94.29173278808594,94.27178955078125,94.25216674804688,94.23282623291016,94.2137222290039,77.0
449,94.80287170410156,94.34394073486328,94.33299255371094,94.31205749511719,94.29173278808594,94.27178955078125,94.25216674804688,94.23282623291016,94.2137222290039,57.0
450,95.75171661376953,95.27056121826172,95.25690460205078,95.2343978881836,95.2125015258789,95.19100952148438,95.16987609863281,95.1490249633789,95.12843322753906,37.0
451,95.75171661376953,95.27056121826172,95.25690460205078,95.2343978881836,95.2125015258789,95.19100952148438,95.16987609863281,95.1490249633789,95.12843322753906,17.0
452,95.75171661376953,95.27056121826172,95.25690460205078,95.2343978881836,95.2125015258789,95.19100952148438,95.16987609863281,95.1490249633789,95.12843322753906,127.0
453,95.75171661376953,95.27056121826172,95.25690460205078,95.2343978881836,95.2125015258789,95.19100952148438,95.16987609863281,95.1490249633789,95.12843322753906,107.0
454,95.75171661376953,95.27056121826172,95.25690460205078,95.2343978881836,95.2125015258789,95.19100952148438,95.16987609863281,95.1490249633789,95.12843322753906,87.0
455,95.75171661376953,95.27056121826172,95.25690460205078,95.2343978881836,95.2125015258789,95.19100952148438,95.16987609863281,95.1490249633789,95.12843322753906,67.0
456,95.75171661376953,95.27056121826172,95.25690460205078,95.2343978881836,95.2125015258789,95.19100952148438,95.16987609863281,95.1490249633789,95.12843322753906,47.0
457,95.75171661376953,95.27056121826172,95.25690460205078,95.2343978881836,95.2125015258789,95.19100952148438,95.16987609863281,95.1490249633789,95.12843322753906,27.0
458,95.75171661376953,95.27056121826172,95.25690460205078,95.2343978881836,95.2125015258789,95.19100952148438,95.16987609863281,95.1490249633789,95.12843322753906,7.0
459,95.75171661376953,95.27056121826172,95.25690460205078,95.2343978881836,95.2125015258789,95.19100952148438,95.16987609863281,95.1490249633789,95.12843322753906,150.0
460,95.99402618408203,95.50843048095703,95.49462890625,95.47318267822266,95.45225524902344,95.43171691894531,95.41152954101562,95.3916015625,95.37191772460938,150.0
461,95.99402618408203,95.50843048095703,95.49462890625,95.47318267822266,95.45225524902344,95.43171691894531,95.41152954101562,95.3916015625,95.37191772460938,150.0
462,95.99402618408203,95.50843048095703,95.49462890625,95.47318267822266,95.45225524902344,95.43171691894531,95.41152954101562,95.3916015625,95.37191772460938,150.0
463,95.99402618408203,95.50843048095703,95.49462890625,95.47318267822266,95.45225524902344,95.43171691894531,95.41152954101562,95.3916015625,95.37191772460938,131.0
464,95.99402618408203,95.50843048095703,95.49462890625,95.47318267822266,95.45225524902344,95.43171691894531,95.41152954101562,95.3916015625,95.37191772460938,111.0
465,95.99402618408203,95.50843048095703,95.49462890625,95.47318267822266,95.45225524902344,95.43171691894531,95.41152954101562,95.3916015625,95.37191772460938,91.0
466,95.99402618408203,95.50843048095703,95.49462890625,95.47318267822266,95.45225524902344,95.43171691894531,95.41152954101562,95.3916015625,95.37191772460938,71.0
467,95.99402618408203,95.50843048095703,95.49462890625,95.47318267822266,95.45225524902344,95.43171691894531,95.41152954101562,95.3916015625,95.37191772460938,51.0
468,95.99402618408203,95.50843048095703,95.49462890625,95.47318267822266,95.45225524902344,95.43171691894531,95.41152954101562,95.3916015625,95.37191772460938,31.0
469,95.99402618408203,95.50843048095703,95.49462890625,95.47318267822266,95.45225524902344,95.43171691894531,95.41152954101562,95.3916015625,95.37191772460938,150.0
470,96.4853744506836,96.00382232666016,95.9892578125,95.96826934814453,95.94779205322266,95.92767333984375,95.90788269042969,95.88834381103516,95.86903381347656,132.0
471,96.4853744506836,96.00382232666016,95.9892578125,95.96826934814453,95.94779205322266,95.92767333984375,95.90788269042969,95.88834381103516,95.86903381347656,112.0
472,96.4853744506836,96.00382232666016,95.9892578125,95.96826934814453,95.94779205322266,95.92767333984375,95.90788269042969,95.88834381103516,95.86903381347656,92.0
473,96.4853744506836,96.00382232666016,95.9892578125,95.96826934814453,95.94779205322266,95.92767333984375,95.90788269042969,95.88834381103516,95.86903381347656,72.0
474,96.4853744506836,96.00382232666016,95.9892578125,95.96826934814453,95.94779205322266,95.92767333984375,95.90788269042969,95.88834381103516,95.86903381347656,52.0
475,96.4853744506836,96.00382232666016,95.9892578125,95.96826934814453,95.94779205322266,95.92767333984375,95.90788269042969,95.88834381103516,95.86903381347656,32.0
476,96.4853744506836,96.00382232666016,95.9892578125,95.96826934814453,95.94779205322266,95.92767333984375,95.90788269042969,95.88834381103516,95.86903381347656,12.0
477,96.4853744506836,96.00382232666016,95.9892578125,95.96826934814453,95.94779205322266,95.92767333984375,95.90788269042969,95.88834381103516,95.86903381347656,150.0
478,96.4853744506836,96.00382232666016,95.9892578125,95.96826934814453,95.94779205322266,95.92767333984375,95.90788269042969,95.88834381103516,95.86903381347656,145.0
479,96.4853744506836,96.00382232666016,95.9892578125,95.96826934814453,95.94779205322266,95.92767333984375,95.90788269042969,95.88834381103516,95.86903381347656,125.0
480,96.83985900878906,96.3731460571289,96.35845947265625,96.33861541748047,96.31920623779297,96.3001480102539,96.2813720703125,96.26283264160156,96.2445068359375,105.0
481,96.83985900878906,96.3731460571289,96.35845947265625,96.33861541748047,96.31920623779297,96.3001480102539,96.2813720703125,96.26283264160156,96.2445068359375,85.0
482,96.83985900878906,96.3731460571289,96.35845947265625,96.33861541748047,96.31920623779297,96.3001480102539,96.2813720703125,96.26283264160156,96.2445068359375,65.0
483,96.83985900878906,96.3731460571289,96.35845947265625,96.33861541748047,96.31920623779297,96.3001480102539,96.2813720703125,96.26283264160156,96.2445068359375,45.0
484,96.83985900878906,96.3731460571289,96.35845947265625,96.33861541748047,96.31920623779297,96.3001480102539,96.2813720703125,96.26283264160156,96.2445068359375,25.0
485,96.83985900878906,96.3731460571289,96.35845947265625,96.33861541748047,96.31920623779297,96.3001480102539,96.2813720703125,96.26283264160156,96.2445068359375,5.0
486,96.83985900878906,96.3731460571289,96.35845947265625,96.33861541748047,96.31920623779297,96.3001480102539,96.2813720703125,96.26283264160156,96.2445068359375,150.0
487,96.83985900878906,96.3731460571289,96.35845947265625,96.33861541748047,96.31920623779297,96.3001480102539,96.2813720703125,96.26283264160156,96.2445068359375,140.0
488,96.83985900878906,96.3731460571289,96.35845947265625,96.33861541748047,96.31920623779297,96.3001480102539,96.2813720703125,96.26283264160156,96.2445068359375,120.0
489,96.83985900878906,96.3731460571289,96.35845947265625,96.33861541748047,96.31920623779297,96.3001480102539,96.2813720703125,96.26283264160156,96.2445068359375,100.0
490,96.87910461425781,96.43824005126953,96.42463684082031,96.40713500976562,96.38995361328125,96.37308502197266,96.3564453125,96.33999633789062,96.32373046875,80.0
491,96.87910461425781,96.43824005126953,96.42463684082031,96.40713500976562,96.38995361328125,96.37308502197266,96.3564453125,96.33999633789062,96.32373046875,60.0
492,96.87910461425781,96.43824005126953,96.42463684082031,96.40713500976562,96.38995361328125,96.37308502197266,96.3564453125,96.33999633789062,96.32373046875,40.0
493,96.87910461425781,96.43824005126953,96.42463684082031,96.40713500976562,96.38995361328125,96.37308502197266,96.3564453125,96.33999633789062,96.32373046875,20.0
494,96.87910461425781,96.43824005126953,96.42463684082031,96.40713500976562,96.38995361328125,96.37308502197266,96.3564453125,96.33999633789062,96.32373046875,0.0
495,96.87910461425781,96.43824005126953,96.42463684082031,96.40713500976562,96.38995361328125,96.37308502197266,96.3564453125,96.33999633789062,96.32373046875,150.0
496,96.87910461425781,96.43824005126953,96.42463684082031,96.40713500976562,96.38995361328125,96.37308502197266,96.3564453125,96.33999633789062,96.32373046875,134.0
497,96.87910461425781,96.43824005126953,96.42463684082031,96.40713500976562,96.38995361328125,96.37308502197266,96.3564453125,96.33999633789062,96.32373046875,114.0
498,96.87910461425781,96.43824005126953,96.42463684082031,96.40713500976562,96.38995361328125,96.37308502197266,96.3564453125,96.33999633789062,96.32373046875,94.0
499,96.87910461425781,96.43824005126953,96.42463684082031,96.40713500976562,96.38995361328125,96.37308502197266,96.3564453125,96.33999633789062,96.32373046875,74.0
500,96.47233581542969,96.0677490234375,96.05685424804688,96.0431900024414,96.02975463867188,96.01651000976562,96.00343322753906,95.9905014038086,95.97767639160156,54.0
501,96.47233581542969,96.0677490234375,96.05685424804688,96.0431900024414,96.02975463867188,96.01651000976562,96.00343322753906,95.9905014038086,95.97767639160156,34.0
502,96.47233581542969,96.0677490234375,96.05685424804688,96.0431900024414,96.02975463867188,96.01651000976562,96.00343322753906,95.9905014038086,95.97767639160156,14.0
503,96.47233581542969,96.0677490234375,96.05685424804688,96.0431900024414,96.02975463867188,96.01651000976562,96.00343322753906,95.9905014038086,95.97767639160156,150.0
504,96.47233581542969,96.0677490234375,96.05685424804688,96.0431900024414,96.02975463867188,96.01651000976562,96.00343322753906,95.9905014038086,95.97767639160156,150.0
505,96.47233581542969,96.0677490234375,96.05685424804688,96.0431900024414,96.02975463867188,96.01651000976562,96.00343322753906,95.9905014038086,95.97767639160156,150.0
506,96.47233581542969,96.0677490234375,96.05685424804688,96.0431900024414,96.02975463867188,96.01651000976562,96.00343322753906,95.9905014038086,95.97767639160156,150.0
507,96.47233581542969,96.0677490234375,96.05685424804688,96.0431900024414,96.02975463867188,96.01651000976562,96.00343322753906,95.9905014038086,95.97767639160156,150.0
508,96.47233581542969,96.0677490234375,96.05685424804688,96.0431900024414,96.02975463867188,96.01651000976562,96.00343322753906,95.9905014038086,95.97767639160156,150.0
509,96.47233581542969,96.0677490234375,96.05685424804688,96.0431900024414,96.02975463867188,96.01651000976562,96.00343322753906,95.9905014038086,95.97767639160156,143.0
510,96.49834442138672,96.13207244873047,96.1225357055664,96.1113510131836,96.10030364990234,96.08939361572266,96.07861328125,96.06791687011719,96.05731201171875,123.0
511,96.49834442138672,96.13207244873047,96.1225357055664,96.1113510131836,96.10030364990234,96.08939361572266,96.07861328125,96.06791687011719,96.05731201171875,103.0
512,96.49834442138672,96.13207244873047,96.1225357055664,96.1113510131836,96.10030364990234,96.08939361572266,96.07861328125,96.06791687011719,96.05731201171875,83.0
513,96.49834442138672,96.13207244873047,96.1225357055664,96.1113510131836,96.10030364990234,96.08939361572266,96.07861328125,96.06791687011719,96.05731201171875,133.0
514,96.49834442138672,96.13207244873047,96.1225357055664,96.1113510131836,96.10030364990234,96.08939361572266,96.07861328125,96.06791687011719,96.05731201171875,113.0
515,96.49834442138672,96.13207244873047,96.1225357055664,96.1113510131836,96.10030364990234,96.08939361572266,96.07861328125,96.06791687011719,96.05731201171875,93.0
516,96.49834442138672,96.13207244873047,96.1225357055664,96.1113510131836,96.10030364990234,96.08939361572266,96.07861328125,96.06791687011719,96.05731201171875,73.0
517,96.49834442138672,96.13207244873047,96.1225357055664,96.1113510131836,96.10030364990234,96.08939361572266,96.07861328125,96.06791687011719,96.05731201171875,53.0
518,96.49834442138672,96.13207244873047,96.1225357055664,96.1113510131836,96.10030364990234,96.08939361572266,96.07861328125,96.06791687011719,96.05731201171875,33.0
519,96.49834442138672,96.13207244873047,96.1225357055664,96.1113510131836,96.10030364990234,96.08939361572266,96.07861328125,96.06791687011719,96.05731201171875,13.0
520,96.20685577392578,95.88521575927734,95.87808990478516,95.8703384399414,95.86261749267578,95.85496520996094,95.84736633300781,95.83981323242188,95.8322982788086,150.0
521,96.20685577392578,95.88521575927734,95.87808990478516,95.8703384399414,95.86261749267578,95.85496520996094,95.84736633300781,95.83981323242188,95.8322982788086,150.0
522,96.20685577392578,95.88521575927734,95.87808990478516,95.8703384399414,95.86261749267578,95.85496520996094,95.84736633300781,95.83981323242188,95.8322982788086,139.0
523,96.20685577392578,95.88521575927734,95.87808990478516,95.8703384399414,95.86261749267578,95.85496520996094,95.84736633300781,95.83981323242188,95.8322982788086,119.0
524,96.20685577392578,95.88521575927734,95.87808990478516,95.8703384399414,95.86261749267578,95.85496520996094,95.84736633300781,95.83981323242188,95.8322982788086,99.0
525,96.20685577392578,95.88521575927734,95.87808990478516,95.8703384399414,95.86261749267578,95.85496520996094,95.84736633300781,95.83981323242188,95.8322982788086,79.0
526,96.20685577392578,95.88521575927734,95.87808990478516,95.8703384399414,95.86261749267578,95.85496520996094,95.84736633300781,95.83981323242188,95.8322982788086,59.0
527,96.20685577392578,95.88521575927734,95.87808990478516,95.8703384399414,95.86261749267578,95.85496520996094,95.84736633300781,95.83981323242188,95.8322982788086,39.0
528,96.20685577392578,95.88521575927734,95.87808990478516,95.8703384399414,95.86261749267578,95.85496520996094,95.84736633300781,95.83981323242188,95.8322982788086,19.0
529,96.20685577392578,95.88521575927734,95.87808990478516,95.8703384399414,95.86261749267578,95.85496520996094,95.84736633300781,95.83981323242188,95.8322982788086,117.0
530,95.96195220947266,95.68718719482422,95.68230438232422,95.677734375,95.67310333251953,95.66845703125,95.663818359375,95.65916442871094,95.65451049804688,97.0
531,95.96195220947266,95.68718719482422,95.68230438232422,95.677734375,95.67310333251953,95.66845703125,95.663818359375,95.65916442871094,95.65451049804688,77.0
532,95.96195220947266,95.68718719482422,95.68230438232422,95.677734375,95.67310333251953,95.66845703125,95.663818359375,95.65916442871094,95.65451049804688,57.0
533,95.96195220947266,95.68718719482422,95.68230438232422,95.677734375,95.67310333251953,95.66845703125,95.663818359375,95.65916442871094,95.65451049804688,37.0
534,95.96195220947266,95.68718719482422,95.68230438232422,95.677734375,95.67310333251953,95.66845703125,95.663818359375,95.65916442871094,95.65451049804688,17.0
535,95.96195220947266,95.68718719482422,95.68230438232422,95.677734375,95.67310333251953,95.66845703125,95.663818359375,95.65916442871094,95.65451049804688,150.0
536,95.96195220947266,95.68718719482422,95.68230438232422,95.677734375,95.67310333251953,95.66845703125,95.663818359375,95.65916442871094,95.65451049804688,150.0
537,95.96195220947266,95.68718719482422,95.68230438232422,95.677734375,95.67310333251953,95.66845703125,95.663818359375,95.65916442871094,95.65451049804688,148.0
538,95.96195220947266,95.68718719482422,95.68230438232422,95.677734375,95.67310333251953,95.66845703125,95.663818359375,95.65916442871094,95.65451049804688,128.0
539,95.96195220947266,95.68718719482422,95.68230438232422,95.677734375,95.67310333251953,95.66845703125,95.663818359375,95.65916442871094,95.65451049804688,108.0
540,95.7619857788086,95.53511810302734,95.53227233886719,95.53057861328125,95.52872467041016,95.52680969238281,95.52484130859375,95.52281951904297,95.52076721191406,88.0
541,95.7619857788086,95.53511810302734,95.53227233886719,95.53057861328125,95.52872467041016,95.52680969238281,95.52484130859375,95.52281951904297,95.52076721191406,68.0
542,95.7619857788086,95.53511810302734,95.53227233886719,95.53057861328125,95.52872467041016,95.52680969238281,95.52484130859375,95.52281951904297,95.52076721191406,48.0
543,95.7619857788086,95.53511810302734,95.53227233886719,95.53057861328125,95.52872467041016,95.52680969238281,95.52484130859375,95.52281951904297,95.52076721191406,28.0
544,95.7619857788086,95.53511810302734,95.53227233886719,95.53057861328125,95.52872467041016,95.52680969238281,95.52484130859375,95.52281951904297,95.52076721191406,8.0
545,95.7619857788086,95.53511810302734,95.53227233886719,95.53057861328125,95.52872467041016,95.52680969238281,95.52484130859375,95.52281951904297,95.52076721191406,150.0
546,95.7619857788086,95.53511810302734,95.53227233886719,95.53057861328125,95.52872467041016,95.52680969238281,95.52484130859375,95.52281951904297,95.52076721191406,150.0
547,95.7619857788086,95.53511810302734,95.53227233886719,95.53057861328125,95.52872467041016,95.52680969238281,95.52484130859375,95.52281951904297,95.52076721191406,150.0
548,95.7619857788086,95.53511810302734,95.53227233886719,95.53057861328125,95.52872467041016,95.52680969238281,95.52484130859375,95.52281951904297,95.52076721191406,133.0
549,95.7619857788086,95.53511810302734,95.53227233886719,95.53057861328125,95.52872467041016,95.52680969238281,95.52484130859375,95.52281951904297,95.52076721191406,113.0
550,95.53548431396484,95.35677337646484,95.35597229003906,95.35701751708984,95.35783386230469,95.35853576660156,95.359130859375,95.35964965820312,95.36007690429688,93.0
551,95.53548431396484,95.35677337646484,95.35597229003906,95.35701751708984,95.35783386230469,95.35853576660156,95.359130859375,95.35964965820312,95.36007690429688,73.0
552,95.53548431396484,95.35677337646484,95.35597229003906,95.35701751708984,95.35783386230469,95.35853576660156,95.359130859375,95.35964965820312,95.36007690429688,53.0
553,95.53548431396484,95.35677337646484,95.35597229003906,95.35701751708984,95.35783386230469,95.35853576660156,95.359130859375,95.35964965820312,95.36007690429688,33.0
554,95.53548431396484,95.35677337646484,95.35597229003906,95.35701751708984,95.35783386230469,95.35853576660156,95.359130859375,95.35964965820312,95.36007690429688,13.0
555,95.53548431396484,95.35677337646484,95.35597229003906,95.35701751708984,95.35783386230469,95.35853576660156,95.359130859375,95.35964965820312,95.36007690429688,150.0
556,95.53548431396484,95.35677337646484,95.35597229003906,95.35701751708984,95.35783386230469,95.35853576660156,95.359130859375,95.35964965820312,95.36007690429688,150.0
557,95.53548431396484,95.35677337646484,95.35597229003906,95.35701751708984,95.35783386230469,95.35853576660156,95.359130859375,95.35964965820312,95.36007690429688,150.0
558,95.53548431396484,95.35677337646484,95.35597229003906,95.35701751708984,95.35783386230469,95.35853576660156,95.359130859375,95.35964965820312,95.36007690429688,133.0
559,95.53548431396484,95.35677337646484,95.35597229003906,95.35701751708984,95.35783386230469,95.35853576660156,95.359130859375,95.35964965820312,95.36007690429688,113.0
560,95.34392547607422,95.21227264404297,95.21324920654297,95.21670532226562,95.21985626220703,95.22283935546875,95.2256851196289,95.22842407226562,95.23104095458984,93.0
561,95.34392547607422,95.21227264404297,95.21324920654297,95.21670532226562,95.21985626220703,95.22283935546875,95.2256851196289,95.22842407226562,95.23104095458984,73.0
562,95.34392547607422,95.21227264404297,95.21324920654297,95.21670532226562,95.21985626220703,95.22283935546875,95.2256851196289,95.22842407226562,95.23104095458984,53.0
563,95.34392547607422,95.21227264404297,95.21324920654297,95.21670532226562,95.21985626220703,95.22283935546875,95.2256851196289,95.22842407226562,95.23104095458984,33.0
564,95.34392547607422,95.21227264404297,95.21324920654297,95.21670532226562,95.21985626220703,95.22283935546875,95.2256851196289,95.22842407226562,95.23104095458984,13.0
565,95.34392547607422,95.21227264404297,95.21324920654297,95.21670532226562,95.21985626220703,95.22283935546875,95.2256851196289,95.22842407226562,95.23104095458984,146.0
566,95.34392547607422,95.21227264404297,95.21324920654297,95.21670532226562,95.21985626220703,95.22283935546875,95.2256851196289,95.22842407226562,95.23104095458984,126.0
567,95.34392547607422,95.21227264404297,95.21324920654297,95.21670532226562,95.21985626220703,95.22283935546875,95.2256851196289,95.22842407226562,95.23104095458984,106.0
568,95.34392547607422,95.21227264404297,95.21324920654297,95.21670532226562,95.21985626220703,95.22283935546875,95.2256851196289,95.22842407226562,95.23104095458984,86.0
569,95.34392547607422,95.21227264404297,95.21324920654297,95.21670532226562,95.21985626220703,95.22283935546875,95.2256851196289,95.22842407226562,95.23104095458984,66.0
570,94.83148193359375,94.74646759033203,94.75009155273438,94.75665283203125,94.76283264160156,94.76878356933594,94.7745590209961,94.78015899658203,94.78564453125,46.0
571,94.83148193359375,94.74646759033203,94.75009155273438,94.75665283203125,94.76283264160156,94.76878356933594,94.7745590209961,94.78015899658203,94.78564453125,26.0
572,94.83148193359375,94.74646759033203,94.75009155273438,94.75665283203125,94.76283264160156,94.76878356933594,94.7745590209961,94.78015899658203,94.78564453125,6.0
573,94.83148193359375,94.74646759033203,94.75009155273438,94.75665283203125,94.76283264160156,94.76878356933594,94.7745590209961,94.78015899658203,94.78564453125,150.0
574,94.83148193359375,94.74646759033203,94.75009155273438,94.75665283203125,94.76283264160156,94.76878356933594,94.7745590209961,94.78015899658203,94.78564453125,150.0
575,94.83148193359375,94.74646759033203,94.75009155273438,94.75665283203125,94.76283264160156,94.76878356933594,94.7745590209961,94.78015899658203,94.78564453125,150.0
576,94.83148193359375,94.74646759033203,94.75009155273438,94.75665283203125,94.76283264160156,94.76878356933594,94.7745590209961,94.78015899658203,94.78564453125,149.0
577,94.83148193359375,94.74646759033203,94.75009155273438,94.75665283203125,94.76283264160156,94.76878356933594,94.7745590209961,94.78015899658203,94.78564453125,129.0
578,94.83148193359375,94.74646759033203,94.75009155273438,94.75665283203125,94.76283264160156,94.76878356933594,94.7745590209961,94.78015899658203,94.78564453125,109.0
579,94.83148193359375,94.74646759033203,94.75009155273438,94.75665283203125,94.76283264160156,94.76878356933594,94.7745590209961,94.78015899658203,94.78564453125,89.0
580,94.49020385742188,94.44831085205078,94.453857421875,94.46269989013672,94.47110748291016,94.47926330566406,94.48719024658203,94.49492645263672,94.50251770019531,69.0
581,94.49020385742188,94.44831085205078,94.453857421875,94.46269989013672,94.47110748291016,94.47926330566406,94.48719024658203,94.49492645263672,94.50251770019531,49.0
582,94.49020385742188,94.44831085205078,94.453857421875,94.46269989013672,94.47110748291016,94.47926330566406,94.48719024658203,94.49492645263672,94.50251770019531,29.0
583,94.49020385742188,94.44831085205078,94.453857421875,94.46269989013672,94.47110748291016,94.47926330566406,94.48719024658203,94.49492645263672,94.50251770019531,150.0
584,94.49020385742188,94.44831085205078,94.453857421875,94.46269989013672,94.47110748291016,94.47926330566406,94.48719024658203,94.49492645263672,94.50251770019531,150.0
585,94.49020385742188,94.44831085205078,94.453857421875,94.46269989013672,94.47110748291016,94.47926330566406,94.48719024658203,94.49492645263672,94.50251770019531,150.0
586,94.49020385742188,94.44831085205078,94.453857421875,94.46269989013672,94.47110748291016,94.47926330566406,94.48719024658203,94.49492645263672,94.50251770019531,130.0
587,94.49020385742188,94.44831085205078,94.453857421875,94.46269989013672,94.47110748291016,94.47926330566406,94.48719024658203,94.49492645263672,94.50251770019531,110.0
588,94.49020385742188,94.44831085205078,94.453857421875,94.46269989013672,94.47110748291016,94.47926330566406,94.48719024658203,94.49492645263672,94.50251770019531,90.0
589,94.49020385742188,94.44831085205078,94.453857421875,94.46269989013672,94.47110748291016,94.47926330566406,94.48719024658203,94.49492645263672,94.50251770019531,70.0
590,94.29447174072266,94.29174041748047,94.29854583740234,94.30891418457031,94.3188247680664,94.32845306396484,94.33784484863281,94.34703063964844,94.35604858398438,50.0
591,94.29447174072266,94.29174041748047,94.29854583740234,94.30891418457031,94.3188247680664,94.32845306396484,94.33784484863281,94.34703063964844,94.35604858398438,30.0
592,94.29447174072266,94.29174041748047,94.29854583740234,94.30891418457031,94.3188247680664,94.32845306396484,94.33784484863281,94.34703063964844,94.35604858398438,10.0
593,94.29447174072266,94.29174041748047,94.29854583740234,94.30891418457031,94.3188247680664,94.32845306396484,94.33784484863281,94.34703063964844,94.35604858398438,134.0
594,94.29447174072266,94.29174041748047,94.29854583740234,94.30891418457031,94.3188247680664,94.32845306396484,94.33784484863281,94.34703063964844,94.35604858398438,114.0
595,94.29447174072266,94.29174041748047,94.29854583740234,94.30891418457031,94.3188247680664,94.32845306396484,94.33784484863281,94.34703063964844,94.35604858398438,94.0
596,94.29447174072266,94.29174041748047,94.29854583740234,94.30891418457031,94.3188247680664,94.32845306396484,94.33784484863281,94.34703063964844,94.35604858398438,74.0
597,94.29447174072266,94.29174041748047,94.29854583740234,94.30891418457031,94.3188247680664,94.32845306396484,94.33784484863281,94.34703063964844,94.35604858398438,54.0
598,94.29447174072266,94.29174041748047,94.29854583740234,94.30891418457031,94.3188247680664,94.32845306396484,94.33784484863281,94.34703063964844,94.35604858398438,34.0
599,94.29447174072266,94.29174041748047,94.29854583740234,94.30891418457031,94.3188247680664,94.32845306396484,94.33784484863281,94.34703063964844,94.35604858398438,14.0
600,93.40850067138672,93.44327545166016,93.45330810546875,93.46694946289062,93.48005676269531,93.49284362792969,93.50535583496094,93.51760864257812,93.52967834472656,150.0
601,93.40850067138672,93.44327545166016,93.45330810546875,93.46694946289062,93.48005676269531,93.49284362792969,93.50535583496094,93.51760864257812,93.52967834472656,150.0
602,93.40850067138672,93.44327545166016,93.45330810546875,93.46694946289062,93.48005676269531,93.49284362792969,93.50535583496094,93.51760864257812,93.52967834472656,150.0
603,93.40850067138672,93.44327545166016,93.45330810546875,93.46694946289062,93.48005676269531,93.49284362792969,93.50535583496094,93.51760864257812,93.52967834472656,150.0
604,93.40850067138672,93.44327545166016,93.45330810546875,93.46694946289062,93.48005676269531,93.49284362792969,93.50535583496094,93.51760864257812,93.52967834472656,131.0
605,93.40850067138672,93.44327545166016,93.45330810546875,93.46694946289062,93.48005676269531,93.49284362792969,93.50535583496094,93.51760864257812,93.52967834472656,111.0
606,93.40850067138672,93.44327545166016,93.45330810546875,93.46694946289062,93.48005676269531,93.49284362792969,93.50535583496094,93.51760864257812,93.52967834472656,91.0
607,93.40850067138672,93.44327545166016,93.45330810546875,93.46694946289062,93.48005676269531,93.49284362792969,93.50535583496094,93.51760864257812,93.52967834472656,71.0
608,93.40850067138672,93.44327545166016,93.45330810546875,93.46694946289062,93.48005676269531,93.49284362792969,93.50535583496094,93.51760864257812,93.52967834472656,51.0
609,93.40850067138672,93.44327545166016,93.45330810546875,93.46694946289062,93.48005676269531,93.49284362792969,93.50535583496094,93.51760864257812,93.52967834472656,31.0
610,92.93354797363281,93.0001449584961,93.01183319091797,93.02717590332031,93.0419692993164,93.05641174316406,93.07056427001953,93.08444213867188,93.09812927246094,150.0
611,92.93354797363281,93.0001449584961,93.01183319091797,93.02717590332031,93.0419692993164,93.05641174316406,93.07056427001953,93.08444213867188,93.09812927246094,150.0
612,92.93354797363281,93.0001449584961,93.01183319091797,93.02717590332031,93.0419692993164,93.05641174316406,93.07056427001953,93.08444213867188,93.09812927246094,139.0
613,92.93354797363281,93.0001449584961,93.01183319091797,93.02717590332031,93.0419692993164,93.05641174316406,93.07056427001953,93.08444213867188,93.09812927246094,119.0
614,92.93354797363281,93.0001449584961,93.01183319091797,93.02717590332031,93.0419692993164,93.05641174316406,93.07056427001953,93.08444213867188,93.09812927246094,99.0
615,92.93354797363281,93.0001449584961,93.01183319091797,93.02717590332031,93.0419692993164,93.05641174316406,93.07056427001953,93.08444213867188,93.09812927246094,79.0
616,92.93354797363281,93.0001449584961,93.01183319091797,93.02717590332031,93.0419692993164,93.05641174316406,93.07056427001953,93.08444213867188,93.09812927246094,59.0
617,92.93354797363281,93.0001449584961,93.01183319091797,93.02717590332031,93.0419692993164,93.05641174316406,93.07056427001953,93.08444213867188,93.09812927246094,39.0
618,92.93354797363281,93.0001449584961,93.01183319091797,93.02717590332031,93.0419692993164,93.05641174316406,93.07056427001953,93.08444213867188,93.09812927246094,19.0
619,92.93354797363281,93.0001449584961,93.01183319091797,93.02717590332031,93.0419692993164,93.05641174316406,93.07056427001953,93.08444213867188,93.09812927246094,150.0
620,92.66110229492188,92.75444030761719,92.76690673828125,92.78300476074219,92.79856872558594,92.81375885009766,92.82865905761719,92.84329223632812,92.85773468017578,145.0
621,92.66110229492188,92.75444030761719,92.76690673828125,92.78300476074219,92.79856872558594,92.81375885009766,92.82865905761719,92.84329223632812,92.85773468017578,125.0
622,92.66110229492188,92.75444030761719,92.76690673828125,92.78300476074219,92.79856872558594,92.81375885009766,92.82865905761719,92.84329223632812,92.85773468017578,105.0
623,92.66110229492188,92.75444030761719,92.76690673828125,92.78300476074219,92.79856872558594,92.81375885009766,92.82865905761719,92.84329223632812,92.85773468017578,85.0
624,92.66110229492188,92.75444030761719,92.76690673828125,92.78300476074219,92.79856872558594,92.81375885009766,92.82865905761719,92.84329223632812,92.85773468017578,65.0
625,92.66110229492188,92.75444030761719,92.76690673828125,92.78300476074219,92.79856872558594,92.81375885009766,92.82865905761719,92.84329223632812,92.85773468017578,45.0
626,92.66110229492188,92.75444030761719,92.76690673828125,92.78300476074219,92.79856872558594,92.81375885009766,92.82865905761719,92.84329223632812,92.85773468017578,25.0
627,92.66110229492188,92.75444030761719,92.76690673828125,92.78300476074219,92.79856872558594,92.81375885009766,92.82865905761719,92.84329223632812,92.85773468017578,5.0
628,92.66110229492188,92.75444030761719,92.76690673828125,92.78300476074219,92.79856872558594,92.81375885009766,92.82865905761719,92.84329223632812,92.85773468017578,150.0
629,92.66110229492188,92.75444030761719,92.76690673828125,92.78300476074219,92.79856872558594,92.81375885009766,92.82865905761719,92.84329223632812,92.85773468017578,150.0
630,92.36058044433594,92.47610473632812,92.48918914794922,92.50580596923828,92.52188873291016,92.5376205444336,92.55305480957031,92.56822967529297,92.5832290649414,150.0
631,92.36058044433594,92.47610473632812,92.48918914794922,92.50580596923828,92.52188873291016,92.5376205444336,92.55305480957031,92.56822967529297,92.5832290649414,134.0
632,92.36058044433594,92.47610473632812,92.48918914794922,92.50580596923828,92.52188873291016,92.5376205444336,92.55305480957031,92.56822967529297,92.5832290649414,114.0
633,92.36058044433594,92.47610473632812,92.48918914794922,92.50580596923828,92.52188873291016,92.5376205444336,92.55305480957031,92.56822967529297,92.5832290649414,94.0
634,92.36058044433594,92.47610473632812,92.48918914794922,92.50580596923828,92.52188873291016,92.5376205444336,92.55305480957031,92.56822967529297,92.5832290649414,74.0
635,92.36058044433594,92.47610473632812,92.48918914794922,92.50580596923828,92.52188873291016,92.5376205444336,92.55305480957031,92.56822967529297,92.5832290649414,54.0
636,92.36058044433594,92.47610473632812,92.48918914794922,92.50580596923828,92.52188873291016,92.5376205444336,92.55305480957031,92.56822967529297,92.5832290649414,34.0
637,92.36058044433594,92.47610473632812,92.48918914794922,92.50580596923828,92.52188873291016,92.5376205444336,92.55305480957031,92.56822967529297,92.5832290649414,14.0
638,92.36058044433594,92.47610473632812,92.48918914794922,92.50580596923828,92.52188873291016,92.5376205444336,92.55305480957031,92.56822967529297,92.5832290649414,150.0
639,92.36058044433594,92.47610473632812,92.48918914794922,92.50580596923828,92.52188873291016,92.5376205444336,92.55305480957031,92.56822967529297,92.5832290649414,148.0
640,92.1787109375,92.31156158447266,92.32466888427734,92.34114837646484,92.35712432861328,92.37276458740234,92.38813781738281,92.40326690673828,92.418212890625,128.0
641,92.1787109375,92.31156158447266,92.32466888427734,92.34114837646484,92.35712432861328,92.37276458740234,92.38813781738281,92.40326690673828,92.418212890625,108.0
642,92.1787109375,92.31156158447266,92.32466888427734,92.34114837646484,92.35712432861328,92.37276458740234,92.38813781738281,92.40326690673828,92.418212890625,88.0
643,92.1787109375,92.31156158447266,92.32466888427734,92.34114837646484,92.35712432861328,92.37276458740234,92.38813781738281,92.40326690673828,92.418212890625,68.0
644,92.1787109375,92.31156158447266,92.32466888427734,92.34114837646484,92.35712432861328,92.37276458740234,92.38813781738281,92.40326690673828,92.418212890625,48.0
645,92.1787109375,92.31156158447266,92.32466888427734,92.34114837646484,92.35712432861328,92.37276458740234,92.38813781738281,92.40326690673828,92.418212890625,28.0
646,92.1787109375,92.31156158447266,92.32466888427734,92.34114837646484,92.35712432861328,92.37276458740234,92.38813781738281,92.40326690673828,92.418212890625,8.0
647,92.1787109375,92.31156158447266,92.32466888427734,92.34114837646484,92.35712432861328,92.37276458740234,92.38813781738281,92.40326690673828,92.418212890625,150.0
648,92.1787109375,92.31156158447266,92.32466888427734,92.34114837646484,92.35712432861328,92.37276458740234,92.38813781738281,92.40326690673828,92.418212890625,138.0
649,92.1787109375,92.31156158447266,92.32466888427734,92.34114837646484,92.35712432861328,92.37276458740234,92.38813781738281,92.40326690673828,92.418212890625,118.0
650,91.93235778808594,92.07817840576172,92.09130096435547,92.10758972167969,92.1233901977539,92.13888549804688,92.15412139892578,92.16914367675781,92.18399047851562,98.0
651,91.93235778808594,92.07817840576172,92.09130096435547,92.10758972167969,92.1233901977539,92.13888549804688,92.15412139892578,92.16914367675781,92.18399047851562,78.0
652,91.93235778808594,92.07817840576172,92.09130096435547,92.10758972167969,92.1233901977539,92.13888549804688,92.15412139892578,92.16914367675781,92.18399047851562,58.0
653,91.93235778808594,92.07817840576172,92.09130096435547,92.10758972167969,92.1233901977539,92.13888549804688,92.15412139892578,92.16914367675781,92.18399047851562,38.0
654,91.93235778808594,92.07817840576172,92.09130096435547,92.10758972167969,92.1233901977539,92.13888549804688,92.15412139892578,92.16914367675781,92.18399047851562,18.0
655,91.93235778808594,92.07817840576172,92.09130096435547,92.10758972167969,92.1233901977539,92.13888549804688,92.15412139892578,92.16914367675781,92.18399047851562,150.0
656,91.93235778808594,92.07817840576172,92.09130096435547,92.10758972167969,92.1233901977539,92.13888549804688,92.15412139892578,92.16914367675781,92.18399047851562,150.0
657,91.93235778808594,92.07817840576172,92.09130096435547,92.10758972167969,92.1233901977539,92.13888549804688,92.15412139892578,92.16914367675781,92.18399047851562,150.0
658,91.93235778808594,92.07817840576172,92.09130096435547,92.10758972167969,92.1233901977539,92.13888549804688,92.15412139892578,92.16914367675781,92.18399047851562,133.0
659,91.93235778808594,92.07817840576172,92.09130096435547,92.10758972167969,92.1233901977539,92.13888549804688,92.15412139892578,92.16914367675781,92.18399047851562,113.0
660,91.84922790527344,92.0034408569336,92.01587677001953,92.0312271118164,92.04615783691406,92.06082153320312,92.07524871826172,92.08949279785156,92.10357666015625,93.0
661,91.84922790527344,92.0034408569336,92.01587677001953,92.0312271118164,92.04615783691406,92.06082153320312,92.07524871826172,92.08949279785156,92.10357666015625,73.0
662,91.84922790527344,92.0034408569336,92.01587677001953,92.0312271118164,92.04615783691406,92.06082153320312,92.07524871826172,92.08949279785156,92.10357666015625,53.0
663,91.84922790527344,92.0034408569336,92.01587677001953,92.0312271118164,92.04615783691406,92.06082153320312,92.07524871826172,92.08949279785156,92.10357666015625,33.0
664,91.84922790527344,92.0034408569336,92.01587677001953,92.0312271118164,92.04615783691406,92.06082153320312,92.07524871826172,92.08949279785156,92.10357666015625,13.0
665,91.84922790527344,92.0034408569336,92.01587677001953,92.0312271118164,92.04615783691406,92.06082153320312,92.07524871826172,92.08949279785156,92.10357666015625,150.0
666,91.84922790527344,92.0034408569336,92.01587677001953,92.0312271118164,92.04615783691406,92.06082153320312,92.07524871826172,92.08949279785156,92.10357666015625,150.0
667,91.84922790527344,92.0034408569336,92.01587677001953,92.0312271118164,92.04615783691406,92.06082153320312,92.07524871826172,92.08949279785156,92.10357666015625,150.0
668,91.84922790527344,92.0034408569336,92.01587677001953,92.0312271118164,92.04615783691406,92.06082153320312,92.07524871826172,92.08949279785156,92.10357666015625,137.0
669,91.84922790527344,92.0034408569336,92.01587677001953,92.0312271118164,92.04615783691406,92.06082153320312,92.07524871826172,92.08949279785156,92.10357666015625,117.0
670,91.87926483154297,92.03764343261719,92.04888916015625,92.06278991699219,92.07633972167969,92.08964538574219,92.10276794433594,92.11573791503906,92.12857818603516,97.0
671,91.87926483154297,92.03764343261719,92.04888916015625,92.06278991699219,92.07633972167969,92.08964538574219,92.10276794433594,92.11573791503906,92.12857818603516,77.0
672,91.87926483154297,92.03764343261719,92.04888916015625,92.06278991699219,92.07633972167969,92.08964538574219,92.10276794433594,92.11573791503906,92.12857818603516,57.0
673,91.87926483154297,92.03764343261719,92.04888916015625,92.06278991699219,92.07633972167969,92.08964538574219,92.10276794433594,92.11573791503906,92.12857818603516,37.0
674,91.87926483154297,92.03764343261719,92.04888916015625,92.06278991699219,92.07633972167969,92.08964538574219,92.10276794433594,92.11573791503906,92.12857818603516,17.0
675,91.87926483154297,92.03764343261719,92.04888916015625,92.06278991699219,92.07633972167969,92.08964538574219,92.10276794433594,92.11573791503906,92.12857818603516,134.0
676,91.87926483154297,92.03764343261719,92.04888916015625,92.06278991699219,92.07633972167969,92.08964538574219,92.10276794433594,92.11573791503906,92.12857818603516,114.0
677,91.87926483154297,92.03764343261719,92.04888916015625,92.06278991699219,92.07633972167969,92.08964538574219,92.10276794433594,92.11573791503906,92.12857818603516,94.0
678,91.87926483154297,92.03764343261719,92.04888916015625,92.06278991699219,92.07633972167969,92.08964538574219,92.10276794433594,92.11573791503906,92.12857818603516,74.0
679,91.87926483154297,92.03764343261719,92.04888916015625,92.06278991699219,92.07633972167969,92.08964538574219,92.10276794433594,92.11573791503906,92.12857818603516,54.0
680,91.56635284423828,91.72576904296875,91.73680114746094,91.7501449584961,91.76318359375,91.77601623535156,91.7886734008789,91.80120849609375,91.81362915039062,34.0
681,91.56635284423828,91.72576904296875,91.73680114746094,91.7501449584961,91.76318359375,91.77601623535156,91.7886734008789,91.80120849609375,91.81362915039062,14.0
682,91.56635284423828,91.72576904296875,91.73680114746094,91.7501449584961,91.76318359375,91.77601623535156,91.7886734008789,91.80120849609375,91.81362915039062,115.0
683,91.56635284423828,91.72576904296875,91.73680114746094,91.7501449584961,91.76318359375,91.77601623535156,91.7886734008789,91.80120849609375,91.81362915039062,95.0
684,91.56635284423828,91.72576904296875,91.73680114746094,91.7501449584961,91.76318359375,91.77601623535156,91.7886734008789,91.80120849609375,91.81362915039062,75.0
685,91.56635284423828,91.72576904296875,91.73680114746094,91.7501449584961,91.76318359375,91.77601623535156,91.7886734008789,91.80120849609375,91.81362915039062,55.0
686,91.56635284423828,91.72576904296875,91.73680114746094,91.7501449584961,91.76318359375,91.77601623535156,91.7886734008789,91.80120849609375,91.81362915039062,35.0
687,91.56635284423828,91.72576904296875,91.73680114746094,91.7501449584961,91.76318359375,91.77601623535156,91.7886734008789,91.80120849609375,91.81362915039062,15.0
688,91.56635284423828,91.72576904296875,91.73680114746094,91.7501449584961,91.76318359375,91.77601623535156,91.7886734008789,91.80120849609375,91.81362915039062,135.0
689,91.56635284423828,91.72576904296875,91.73680114746094,91.7501449584961,91.76318359375,91.77601623535156,91.7886734008789,91.80120849609375,91.81362915039062,115.0
690,90.81544494628906,90.97332000732422,90.98543548583984,90.99946594238281,91.01319885253906,91.02671813964844,91.04006958007812,91.05329132080078,91.06640625,95.0
691,90.81544494628906,90.97332000732422,90.98543548583984,90.99946594238281,91.01319885253906,91.02671813964844,91.04006958007812,91.05329132080078,91.06640625,75.0
692,90.81544494628906,90.97332000732422,90.98543548583984,90.99946594238281,91.01319885253906,91.02671813964844,91.04006958007812,91.05329132080078,91.06640625,55.0
693,90.81544494628906,90.97332000732422,90.98543548583984,90.99946594238281,91.01319885253906,91.02671813964844,91.04006958007812,91.05329132080078,91.06640625,35.0
694,90.81544494628906,90.97332000732422,90.98543548583984,90.99946594238281,91.01319885253906,91.02671813964844,91.04006958007812,91.05329132080078,91.06640625,15.0
695,90.81544494628906,90.97332000732422,90.98543548583984,90.99946594238281,91.01319885253906,91.02671813964844,91.04006958007812,91.05329132080078,91.06640625,150.0
696,90.81544494628906,90.97332000732422,90.98543548583984,90.99946594238281,91.01319885253906,91.02671813964844,91.04006958007812,91.05329132080078,91.06640625,150.0
697,90.81544494628906,90.97332000732422,90.98543548583984,90.99946594238281,91.01319885253906,91.02671813964844,91.04006958007812,91.05329132080078,91.06640625,150.0
698,90.81544494628906,90.97332000732422,90.98543548583984,90.99946594238281,91.01319885253906,91.02671813964844,91.04006958007812,91.05329132080078,91.06640625,150.0
699,90.81544494628906,90.97332000732422,90.98543548583984,90.99946594238281,91.01319885253906,91.02671813964844,91.04006958007812,91.05329132080078,91.06640625,150.0
700,90.38123321533203,90.53410339355469,90.54619598388672,90.55982971191406,90.57319641113281,90.58638000488281,90.59941864013672,90.61233520507812,90.62516021728516,150.0
701,90.38123321533203,90.53410339355469,90.54619598388672,90.55982971191406,90.57319641113281,90.58638000488281,90.59941864013672,90.61233520507812,90.62516021728516,143.0
702,90.38123321533203,90.53410339355469,90.54619598388672,90.55982971191406,90.57319641113281,90.58638000488281,90.59941864013672,90.61233520507812,90.62516021728516,123.0
703,90.38123321533203,90.53410339355469,90.54619598388672,90.55982971191406,90.57319641113281,90.58638000488281,90.59941864013672,90.61233520507812,90.62516021728516,103.0
704,90.38123321533203,90.53410339355469,90.54619598388672,90.55982971191406,90.57319641113281,90.58638000488281,90.59941864013672,90.61233520507812,90.62516021728516,83.0
705,90.38123321533203,90.53410339355469,90.54619598388672,90.55982971191406,90.57319641113281,90.58638000488281,90.59941864013672,90.61233520507812,90.62516021728516,150.0
706,90.38123321533203,90.53410339355469,90.54619598388672,90.55982971191406,90.57319641113281,90.58638000488281,90.59941864013672,90.61233520507812,90.62516021728516,150.0
707,90.38123321533203,90.53410339355469,90.54619598388672,90.55982971191406,90.57319641113281,90.58638000488281,90.59941864013672,90.61233520507812,90.62516021728516,150.0
708,90.38123321533203,90.53410339355469,90.54619598388672,90.55982971191406,90.57319641113281,90.58638000488281,90.59941864013672,90.61233520507812,90.62516021728516,150.0
709,90.38123321533203,90.53410339355469,90.54619598388672,90.55982971191406,90.57319641113281,90.58638000488281,90.59941864013672,90.61233520507812,90.62516021728516,150.0
710,90.90623474121094,91.0498275756836,91.05873107910156,91.06892395019531,91.0789566040039,91.08888244628906,91.0987319946289,91.10850524902344,91.11824798583984,150.0
711,90.90623474121094,91.0498275756836,91.05873107910156,91.06892395019531,91.0789566040039,91.08888244628906,91.0987319946289,91.10850524902344,91.11824798583984,150.0
712,90.90623474121094,91.0498275756836,91.05873107910156,91.06892395019531,91.0789566040039,91.08888244628906,91.0987319946289,91.10850524902344,91.11824798583984,150.0
713,90.90623474121094,91.0498275756836,91.05873107910156,91.06892395019531,91.0789566040039,91.08888244628906,91.0987319946289,91.10850524902344,91.11824798583984,150.0
714,90.90623474121094,91.0498275756836,91.05873107910156,91.06892395019531,91.0789566040039,91.08888244628906,91.0987319946289,91.10850524902344,91.11824798583984,136.0
715,90.90623474121094,91.0498275756836,91.05873107910156,91.06892395019531,91.0789566040039,91.08888244628906,91.0987319946289,91.10850524902344,91.11824798583984,150.0
716,90.90623474121094,91.0498275756836,91.05873107910156,91.06892395019531,91.0789566040039,91.08888244628906,91.0987319946289,91.10850524902344,91.11824798583984,150.0
717,90.90623474121094,91.0498275756836,91.05873107910156,91.06892395019531,91.0789566040039,91.08888244628906,91.0987319946289,91.10850524902344,91.11824798583984,142.0
718,90.90623474121094,91.0498275756836,91.05873107910156,91.06892395019531,91.0789566040039,91.08888244628906,91.0987319946289,91.10850524902344,91.11824798583984,122.0
719,90.90623474121094,91.0498275756836,91.05873107910156,91.06892395019531,91.0789566040039,91.08888244628906,91.0987319946289,91.10850524902344,91.11824798583984,102.0
720,92.39175415039062,92.52215576171875,92.52472686767578,92.52847290039062,92.53223419189453,92.53601837158203,92.53984069824219,92.543701171875,92.54759979248047,82.0
721,92.39175415039062,92.52215576171875,92.52472686767578,92.52847290039062,92.53223419189453,92.53601837158203,92.53984069824219,92.543701171875,92.54759979248047,62.0
722,92.39175415039062,92.52215576171875,92.52472686767578,92.52847290039062,92.53223419189453,92.53601837158203,92.53984069824219,92.543701171875,92.54759979248047,42.0
723,92.39175415039062,92.52215576171875,92.52472686767578,92.52847290039062,92.53223419189453,92.53601837158203,92.53984069824219,92.543701171875,92.54759979248047,22.0
724,92.39175415039062,92.52215576171875,92.52472686767578,92.52847290039062,92.53223419189453,92.53601837158203,92.53984069824219,92.543701171875,92.54759979248047,2.0
725,92.39175415039062,92.52215576171875,92.52472686767578,92.52847290039062,92.53223419189453,92.53601837158203,92.53984069824219,92.543701171875,92.54759979248047,136.0
726,92.39175415039062,92.52215576171875,92.52472686767578,92.52847290039062,92.53223419189453,92.53601837158203,92.53984069824219,92.543701171875,92.54759979248047,116.0
727,92.39175415039062,92.52215576171875,92.52472686767578,92.52847290039062,92.53223419189453,92.53601837158203,92.53984069824219,92.543701171875,92.54759979248047,96.0
728,92.39175415039062,92.52215576171875,92.52472686767578,92.52847290039062,92.53223419189453,92.53601837158203,92.53984069824219,92.543701171875,92.54759979248047,76.0
729,92.39175415039062,92.52215576171875,92.52472686767578,92.52847290039062,92.53223419189453,92.53601837158203,92.53984069824219,92.543701171875,92.54759979248047,56.0
730,93.24983215332031,93.366455078125,93.36483001708984,93.36417388916016,93.3636474609375,93.36326599121094,93.36298370361328,93.36280822753906,93.36273193359375,36.0
731,93.24983215332031,93.366455078125,93.36483001708984,93.36417388916016,93.3636474609375,93.36326599121094,93.36298370361328,93.36280822753906,93.36273193359375,16.0
732,93.24983215332031,93.366455078125,93.36483001708984,93.36417388916016,93.3636474609375,93.36326599121094,93.36298370361328,93.36280822753906,93.36273193359375,150.0
733,93.24983215332031,93.366455078125,93.36483001708984,93.36417388916016,93.3636474609375,93.36326599121094,93.36298370361328,93.36280822753906,93.36273193359375,145.0
734,93.24983215332031,93.366455078125,93.36483001708984,93.36417388916016,93.3636474609375,93.36326599121094,93.36298370361328,93.36280822753906,93.36273193359375,125.0
735,93.24983215332031,93.366455078125,93.36483001708984,93.36417388916016,93.3636474609375,93.36326599121094,93.36298370361328,93.36280822753906,93.36273193359375,105.0
736,93.24983215332031,93.366455078125,93.36483001708984,93.36417388916016,93.3636474609375,93.36326599121094,93.36298370361328,93.36280822753906,93.36273193359375,85.0
737,93.24983215332031,93.366455078125,93.36483001708984,93.36417388916016,93.3636474609375,93.36326599121094,93.36298370361328,93.36280822753906,93.36273193359375,65.0
738,93.24983215332031,93.366455078125,93.36483001708984,93.36417388916016,93.3636474609375,93.36326599121094,93.36298370361328,93.36280822753906,93.36273193359375,45.0
739,93.24983215332031,93.366455078125,93.36483001708984,93.36417388916016,93.3636474609375,93.36326599121094,93.36298370361328,93.36280822753906,93.36273193359375,25.0
740,93.74055480957031,93.84283447265625,93.83838653564453,93.83465576171875,93.83116149902344,93.82785034179688,93.82471466064453,93.82171630859375,93.8188705444336,5.0
741,93.74055480957031,93.84283447265625,93.83838653564453,93.83465576171875,93.83116149902344,93.82785034179688,93.82471466064453,93.82171630859375,93.8188705444336,150.0
742,93.74055480957031,93.84283447265625,93.83838653564453,93.83465576171875,93.83116149902344,93.82785034179688,93.82471466064453,93.82171630859375,93.8188705444336,150.0
743,93.74055480957031,93.84283447265625,93.83838653564453,93.83465576171875,93.83116149902344,93.82785034179688,93.82471466064453,93.82171630859375,93.8188705444336,140.0
744,93.74055480957031,93.84283447265625,93.83838653564453,93.83465576171875,93.83116149902344,93.82785034179688,93.82471466064453,93.82171630859375,93.8188705444336,120.0
745,93.74055480957031,93.84283447265625,93.83838653564453,93.83465576171875,93.83116149902344,93.82785034179688,93.82471466064453,93.82171630859375,93.8188705444336,100.0
746,93.74055480957031,93.84283447265625,93.83838653564453,93.83465576171875,93.83116149902344,93.82785034179688,93.82471466064453,93.82171630859375,93.8188705444336,80.0
747,93.74055480957031,93.84283447265625,93.83838653564453,93.83465576171875,93.83116149902344,93.82785034179688,93.82471466064453,93.82171630859375,93.8188705444336,60.0
748,93.74055480957031,93.84283447265625,93.83838653564453,93.83465576171875,93.83116149902344,93.82785034179688,93.82471466064453,93.82171630859375,93.8188705444336,40.0
749,93.74055480957031,93.84283447265625,93.83838653564453,93.83465576171875,93.83116149902344,93.82785034179688,93.82471466064453,93.82171630859375,93.8188705444336,20.0
750,94.0304946899414,94.11799621582031,94.11158752441406,94.10565948486328,94.10002136230469,94.09461212158203,94.08940887451172,94.08438873291016,94.07954406738281,0.0
