,0,1,2,3,4,5,6,7,8,9,10,11,12
0,106.4826431274414,127.80756378173828,128.10214233398438,128.047607421875,128.19003295898438,128.1822052001953,128.02093505859375,127.99970245361328,127.98011779785156,127.96971893310547,127.96176147460938,127.93087768554688,150.0
1,106.4823989868164,127.80756378173828,128.10214233398438,128.047607421875,128.19003295898438,128.1822052001953,128.02093505859375,127.99970245361328,127.98011779785156,127.96971893310547,127.96176147460938,127.93087768554688,150.0
2,105.52677154541016,127.80756378173828,128.10214233398438,128.047607421875,128.19003295898438,128.1822052001953,128.02093505859375,127.99970245361328,127.98011779785156,127.96971893310547,127.96176147460938,127.93087768554688,132.0
3,104.9325942993164,127.80756378173828,128.10214233398438,128.047607421875,128.19003295898438,128.1822052001953,128.02093505859375,127.99970245361328,127.98011779785156,127.96971893310547,127.96176147460938,127.93087768554688,112.0
4,106.34049224853516,127.80756378173828,128.10214233398438,128.047607421875,128.19003295898438,128.1822052001953,128.02093505859375,127.99970245361328,127.98011779785156,127.96971893310547,127.96176147460938,127.93087768554688,92.0
5,110.8630142211914,128.02886962890625,128.10214233398438,128.047607421875,128.19003295898438,128.1822052001953,128.02093505859375,127.99970245361328,127.98011779785156,127.96971893310547,127.96176147460938,127.93087768554688,72.0
6,108.41520690917969,118.88623046875,123.6440658569336,122.50018310546875,120.38800811767578,120.9404296875,121.06523895263672,121.0502700805664,121.0526351928711,121.05956268310547,121.06809997558594,121.06880187988281,52.0
7,108.3072509765625,118.95586395263672,121.76011657714844,120.64205169677734,120.36375427246094,120.9404296875,121.06523895263672,121.0502700805664,121.0526351928711,121.05956268310547,121.06809997558594,121.06880187988281,32.0
8,108.0467300415039,118.95587158203125,121.76011657714844,120.64205169677734,120.36375427246094,120.9404296875,121.06523895263672,121.0502700805664,121.0526351928711,121.05956268310547,121.06809997558594,121.06880187988281,12.0
9,106.48160552978516,127.80756378173828,128.10214233398438,128.047607421875,128.19003295898438,128.1822052001953,128.02093505859375,127.99970245361328,127.98011779785156,127.96971893310547,127.96176147460938,127.93087768554688,150.0
10,99.3437271118164,121.09796142578125,120.42239379882812,120.37894439697266,120.50098419189453,120.52642822265625,120.36901092529297,120.36585235595703,120.35626220703125,120.3577651977539,120.3612289428711,120.34085845947266,149.0
11,100.5568618774414,121.09796142578125,120.42239379882812,120.37894439697266,120.50098419189453,120.52642822265625,120.36901092529297,120.36585235595703,120.35626220703125,120.3577651977539,120.3612289428711,120.34085845947266,129.0
12,100.5568618774414,121.09796142578125,120.42239379882812,120.37894439697266,120.50098419189453,120.52642822265625,120.36901092529297,120.36585235595703,120.35626220703125,120.3577651977539,120.3612289428711,120.34085845947266,109.0
13,100.5568618774414,121.09796142578125,120.42239379882812,120.37894439697266,120.50098419189453,120.52642822265625,120.36901092529297,120.36585235595703,120.35626220703125,120.3577651977539,120.3612289428711,120.34085845947266,89.0
14,100.5582275390625,121.09811401367188,120.42239379882812,120.37894439697266,120.50098419189453,120.52642822265625,120.36901092529297,120.36585235595703,120.35626220703125,120.3577651977539,120.3612289428711,120.34085845947266,69.0
15,103.66072082519531,115.64923095703125,115.52719116210938,116.22893524169922,115.88152313232422,116.36741638183594,116.50655364990234,116.5665054321289,116.6358642578125,116.71027374267578,116.78520965576172,116.85083770751953,49.0
16,99.65544891357422,111.61630249023438,113.64694213867188,112.56753540039062,112.31415557861328,112.9122085571289,113.0201416015625,113.02268981933594,113.03438568115234,113.05193328857422,113.07074737548828,113.0826187133789,29.0
17,99.65544891357422,111.7880859375,113.64694213867188,112.56753540039062,112.31415557861328,112.9122085571289,113.0201416015625,113.02268981933594,113.03438568115234,113.05193328857422,113.07074737548828,113.0826187133789,9.0
18,100.55652618408203,121.09796142578125,120.42239379882812,120.37894439697266,120.50098419189453,120.52642822265625,120.36901092529297,120.36585235595703,120.35626220703125,120.3577651977539,120.3612289428711,120.34085845947266,150.0
19,100.5568618774414,121.09796142578125,120.42239379882812,120.37894439697266,120.50098419189453,120.52642822265625,120.36901092529297,120.36585235595703,120.35626220703125,120.3577651977539,120.3612289428711,120.34085845947266,150.0
20,94.86980438232422,113.35507202148438,111.81510925292969,111.79086303710938,111.89291381835938,111.9387435913086,111.79180145263672,111.80607604980469,111.80667114257812,111.81936645507812,111.8333969116211,111.82402038574219,150.0
21,94.86980438232422,113.3550796508789,111.81510925292969,111.79086303710938,111.89291381835938,111.9387435913086,111.79180145263672,111.80607604980469,111.80667114257812,111.81936645507812,111.8333969116211,111.82402038574219,150.0
22,97.35457611083984,113.37677764892578,111.81510925292969,111.79086303710938,111.89291381835938,111.9387435913086,111.79180145263672,111.80607604980469,111.80667114257812,111.81936645507812,111.8333969116211,111.82402038574219,150.0
23,97.8400650024414,113.6673812866211,112.05845642089844,111.88954162597656,111.89332580566406,112.6448974609375,112.67707061767578,112.84098052978516,112.99040985107422,113.14691925048828,113.30050659179688,113.42537689208984,149.0
24,95.88196563720703,105.57416534423828,106.66195678710938,105.61550903320312,105.3572998046875,104.1329345703125,104.23152923583984,104.25130462646484,104.2728042602539,104.30065155029297,104.32929229736328,104.3528060913086,129.0
25,93.53633117675781,103.69295501708984,104.79576873779297,103.76815032958984,103.52632141113281,104.1329345703125,104.23152923583984,104.25130462646484,104.2728042602539,104.30065155029297,104.32929229736328,104.3528060913086,109.0
26,93.53633117675781,103.69295501708984,104.79576873779297,103.76815032958984,103.52632141113281,104.1329345703125,104.23152923583984,104.25130462646484,104.2728042602539,104.30065155029297,104.32929229736328,104.3528060913086,89.0
27,93.53633117675781,103.69296264648438,104.79576873779297,103.76815032958984,103.52632141113281,104.1329345703125,104.23152923583984,104.25130462646484,104.2728042602539,104.30065155029297,104.32929229736328,104.3528060913086,69.0
28,94.86927032470703,113.35496520996094,111.81510925292969,111.79086303710938,111.89291381835938,111.9387435913086,111.79180145263672,111.80607604980469,111.80667114257812,111.81936645507812,111.8333969116211,111.82402038574219,150.0
29,93.53055572509766,113.35496520996094,111.81510925292969,111.79086303710938,111.89291381835938,111.9387435913086,111.79180145263672,111.80607604980469,111.80667114257812,111.81936645507812,111.8333969116211,111.82402038574219,150.0
30,90.59672546386719,107.63467407226562,105.3687744140625,105.38712310791016,105.47886657714844,105.52863311767578,105.392333984375,105.41890716552734,105.4259262084961,105.44539642333984,105.46568298339844,105.46409606933594,150.0
31,91.83786010742188,107.63467407226562,105.3687744140625,105.38712310791016,105.47886657714844,105.52863311767578,105.392333984375,105.41890716552734,105.4259262084961,105.44539642333984,105.46568298339844,105.46409606933594,150.0
32,91.92350006103516,107.63766479492188,105.3687744140625,105.38712310791016,105.47886657714844,105.52863311767578,105.392333984375,105.41890716552734,105.4259262084961,105.44539642333984,105.46568298339844,105.46409606933594,150.0
33,96.40834045410156,107.77731323242188,105.3687744140625,105.38712310791016,105.47886657714844,106.2260513305664,106.26614379882812,106.4423599243164,106.59803009033203,106.7611312866211,106.92082214355469,107.05329132080078,139.0
34,92.45779418945312,99.69383239746094,99.97647857666016,99.00761413574219,98.77000427246094,97.5493392944336,97.6395492553711,97.67156982421875,97.69918060302734,97.73308563232422,97.76739501953125,97.79927062988281,119.0
35,90.15196228027344,97.81959533691406,98.11939239501953,97.16655731201172,96.94378662109375,97.5493392944336,97.6395492553711,97.67156982421875,97.69918060302734,97.73308563232422,97.76739501953125,97.79927062988281,99.0
36,90.15196228027344,97.81959533691406,98.11939239501953,97.16655731201172,96.94378662109375,97.5493392944336,97.6395492553711,97.67156982421875,97.69918060302734,97.73308563232422,97.76739501953125,97.79927062988281,79.0
37,90.15196228027344,97.81959533691406,98.11939239501953,97.16655731201172,96.94378662109375,97.5493392944336,97.6395492553711,97.67156982421875,97.69918060302734,97.73308563232422,97.76739501953125,97.79927062988281,59.0
38,90.59672546386719,107.63467407226562,105.3687744140625,105.38712310791016,105.47886657714844,105.52863311767578,105.392333984375,105.41890716552734,105.4259262084961,105.44539642333984,105.46568298339844,105.46409606933594,130.0
39,90.59672546386719,107.63467407226562,105.3687744140625,105.38712310791016,105.47886657714844,105.52863311767578,105.392333984375,105.41890716552734,105.4259262084961,105.44539642333984,105.46568298339844,105.46409606933594,110.0
40,89.65078735351562,103.3997573852539,100.57908630371094,100.65615844726562,100.74433135986328,100.78404998779297,100.65856170654297,100.69232940673828,100.70222473144531,100.72431182861328,100.74677276611328,100.74984741210938,90.0
41,90.9732666015625,103.3997573852539,100.57908630371094,100.65615844726562,100.74433135986328,100.78404998779297,100.65856170654297,100.69232940673828,100.70222473144531,100.72431182861328,100.74677276611328,100.74984741210938,70.0
42,95.18145751953125,103.66893768310547,100.80601501464844,100.88252258300781,101.29586791992188,101.47588348388672,101.5242691040039,101.7076644897461,101.86602783203125,102.0315933227539,102.19329833984375,102.33023071289062,50.0
43,88.75474548339844,93.4664535522461,93.12142944335938,92.26065826416016,92.06195831298828,92.6574935913086,92.7403335571289,92.7796859741211,92.80998229980469,92.84598541259766,92.88206481933594,92.91908264160156,30.0
44,88.75474548339844,93.46599578857422,93.12142944335938,92.26065826416016,92.06195831298828,92.6574935913086,92.7403335571289,92.7796859741211,92.80998229980469,92.84598541259766,92.88206481933594,92.91908264160156,10.0
45,89.65068817138672,103.3997573852539,100.57908630371094,100.65615844726562,100.74433135986328,100.78404998779297,100.65856170654297,100.69232940673828,100.70222473144531,100.72431182861328,100.74677276611328,100.74984741210938,150.0
46,89.91526794433594,103.3997573852539,100.57908630371094,100.65615844726562,100.74433135986328,100.78404998779297,100.65856170654297,100.69232940673828,100.70222473144531,100.72431182861328,100.74677276611328,100.74984741210938,150.0
47,90.9732666015625,103.3997802734375,100.57908630371094,100.65615844726562,100.74433135986328,100.78404998779297,100.65856170654297,100.69232940673828,100.70222473144531,100.72431182861328,100.74677276611328,100.74984741210938,150.0
48,90.9732666015625,103.45124816894531,100.57908630371094,100.65615844726562,100.74433135986328,100.78404998779297,100.65856170654297,100.69232940673828,100.70222473144531,100.72431182861328,100.74677276611328,100.74984741210938,150.0
49,94.69021606445312,103.45409393310547,100.57908630371094,100.65615844726562,100.74433135986328,100.78404998779297,100.65856170654297,100.69232940673828,100.70222473144531,100.72431182861328,100.74677276611328,100.74984741210938,140.0
50,95.78058624267578,99.52130126953125,96.24532318115234,96.53120422363281,96.46199035644531,97.17091369628906,97.23145294189453,97.41795349121094,97.57679748535156,97.7419204711914,97.9028091430664,98.04218292236328,120.0
51,90.22087097167969,93.26410675048828,90.47174835205078,90.95712280273438,90.85240173339844,91.36546325683594,91.72279357910156,91.49761199951172,91.54849243164062,91.27169036865234,92.22048950195312,92.2484130859375,100.0
52,87.97027587890625,89.47483825683594,88.62773895263672,87.85830688476562,87.6771240234375,88.25270080566406,88.33264923095703,88.37564086914062,88.40663146972656,88.44219970703125,88.4775619506836,88.517822265625,80.0
53,87.97027587890625,89.41889953613281,88.62773895263672,87.85830688476562,87.6771240234375,88.25270080566406,88.33264923095703,88.37564086914062,88.40663146972656,88.44219970703125,88.4775619506836,88.517822265625,60.0
54,87.97027587890625,89.41889953613281,88.62773895263672,87.85830688476562,87.6771240234375,88.25270080566406,88.33264923095703,88.37564086914062,88.40663146972656,88.44219970703125,88.4775619506836,88.517822265625,40.0
55,90.64252471923828,99.40250396728516,96.24532318115234,96.3810043334961,96.46199035644531,96.48246002197266,96.37149047851562,96.40835571289062,96.41889953613281,96.44068908691406,96.46247100830078,96.46818542480469,143.0
56,90.6426010131836,99.40250396728516,96.24532318115234,96.3810043334961,96.46199035644531,96.48246002197266,96.37149047851562,96.40835571289062,96.41889953613281,96.44068908691406,96.46247100830078,96.46818542480469,123.0
57,90.6426010131836,99.40250396728516,96.24532318115234,96.3810043334961,96.46199035644531,96.48246002197266,96.37149047851562,96.40835571289062,96.41889953613281,96.44068908691406,96.46247100830078,96.46818542480469,103.0
58,90.6426010131836,99.40299224853516,96.24532318115234,96.3810043334961,96.46199035644531,96.48246002197266,96.37149047851562,96.40835571289062,96.41889953613281,96.44068908691406,96.46247100830078,96.46818542480469,83.0
59,94.2921371459961,99.52127075195312,96.24532318115234,96.3810043334961,96.46199035644531,96.48246002197266,96.37149047851562,96.40835571289062,96.41889953613281,96.44068908691406,96.46247100830078,96.46818542480469,63.0
60,87.3574447631836,87.38429260253906,86.31807708740234,85.62798309326172,85.45222473144531,84.17495727539062,84.25130462646484,84.29619598388672,84.32575225830078,84.36063385009766,84.3867416381836,84.42805480957031,43.0
61,87.32459259033203,85.53282928466797,84.48233795166016,83.8022232055664,83.63786315917969,84.17495727539062,84.25130462646484,84.29619598388672,84.32575225830078,84.36063385009766,84.3867416381836,84.42805480957031,23.0
62,87.32459259033203,85.5323257446289,84.48233795166016,83.8022232055664,83.63786315917969,84.17495727539062,84.25130462646484,84.29619598388672,84.32575225830078,84.36063385009766,84.3867416381836,84.42805480957031,3.0
63,90.38665008544922,95.49701690673828,92.20096588134766,92.39361572265625,92.47020721435547,92.45497131347656,92.3570556640625,92.3947982788086,92.40370178222656,92.42443084716797,92.43755340576172,92.44367980957031,150.0
64,90.38665008544922,95.49701690673828,92.20096588134766,92.39361572265625,92.47020721435547,92.45497131347656,92.3570556640625,92.3947982788086,92.40370178222656,92.42443084716797,92.43755340576172,92.44367980957031,150.0
65,90.38665008544922,95.49701690673828,92.20096588134766,92.39361572265625,92.47020721435547,92.45497131347656,92.3570556640625,92.3947982788086,92.40370178222656,92.42443084716797,92.43755340576172,92.44367980957031,135.0
66,90.38665008544922,95.49701690673828,92.20096588134766,92.39361572265625,92.47020721435547,92.45497131347656,92.3570556640625,92.3947982788086,92.40370178222656,92.42443084716797,92.43755340576172,92.44367980957031,115.0
67,90.38665008544922,95.4973373413086,92.20096588134766,92.39361572265625,92.47020721435547,92.45497131347656,92.3570556640625,92.3947982788086,92.40370178222656,92.42443084716797,92.43755340576172,92.44367980957031,95.0
68,90.6675796508789,95.5333023071289,92.20096588134766,92.39361572265625,92.47020721435547,92.45497131347656,92.3570556640625,92.3947982788086,92.40370178222656,92.42443084716797,92.43755340576172,92.44367980957031,75.0
69,90.82518768310547,95.99983215332031,92.70032501220703,92.50787353515625,87.40792083740234,87.81645202636719,87.93830108642578,88.05876922607422,88.16242218017578,88.26982116699219,88.35861206054688,88.274658203125,55.0
70,86.43915557861328,83.36697387695312,80.4112777709961,79.81964874267578,79.69879913330078,80.20076751708984,80.27530670166016,80.31922149658203,80.34622192382812,80.37865447998047,80.39512634277344,80.43692779541016,35.0
71,86.43915557861328,81.5449447631836,80.4112777709961,79.81964874267578,79.69879913330078,80.20076751708984,80.27530670166016,80.31922149658203,80.34622192382812,80.37865447998047,80.39512634277344,80.43692779541016,15.0
72,89.81903076171875,91.40868377685547,88.16511535644531,88.41577911376953,88.52330780029297,88.47564697265625,88.39176177978516,88.4274673461914,88.43360900878906,88.45149230957031,88.45549011230469,88.46198272705078,138.0
73,89.81903076171875,91.40868377685547,88.16511535644531,88.41577911376953,88.52330780029297,88.47564697265625,88.39176177978516,88.4274673461914,88.43360900878906,88.45149230957031,88.45549011230469,88.46198272705078,118.0
74,89.81903076171875,91.40868377685547,88.16511535644531,88.41577911376953,88.52330780029297,88.47564697265625,88.39176177978516,88.4274673461914,88.43360900878906,88.45149230957031,88.45549011230469,88.46198272705078,98.0
75,89.81903076171875,91.40869903564453,88.16511535644531,88.41577911376953,88.52330780029297,88.47564697265625,88.39176177978516,88.4274673461914,88.43360900878906,88.45149230957031,88.45549011230469,88.46198272705078,78.0
76,95.75161743164062,91.6594009399414,88.3773193359375,88.63208770751953,89.01510620117188,89.16573333740234,89.24913787841797,89.4344711303711,89.58856201171875,89.7495346069336,89.89224243164062,90.03203582763672,58.0
77,86.43915557861328,83.3760757446289,80.4112777709961,79.81964874267578,79.69879913330078,80.20076751708984,80.27530670166016,80.31922149658203,80.34622192382812,80.37865447998047,80.39512634277344,80.43692779541016,38.0
78,86.43915557861328,81.5462417602539,80.4112777709961,79.81964874267578,79.69879913330078,80.20076751708984,80.27530670166016,80.31922149658203,80.34622192382812,80.37865447998047,80.39512634277344,80.43692779541016,18.0
79,89.81903076171875,91.40868377685547,88.16511535644531,88.41577911376953,88.52330780029297,88.47564697265625,88.39176177978516,88.4274673461914,88.43360900878906,88.45149230957031,88.45549011230469,88.46198272705078,150.0
80,88.37800598144531,86.84339904785156,83.82732391357422,84.13426971435547,84.26544952392578,84.17816162109375,84.10811614990234,84.1390380859375,84.14132690429688,84.1546630859375,84.14942932128906,84.15454864501953,150.0
81,88.37800598144531,86.84347534179688,83.82732391357422,84.13426971435547,84.26544952392578,84.17816162109375,84.10811614990234,84.1390380859375,84.14132690429688,84.1546630859375,84.14942932128906,84.15454864501953,150.0
82,88.4392318725586,86.84347534179688,83.82732391357422,84.13426971435547,84.26544952392578,84.17816162109375,84.10811614990234,84.1390380859375,84.14132690429688,84.1546630859375,84.14942932128906,84.15454864501953,150.0
83,91.87147521972656,86.85552978515625,83.82732391357422,84.13426971435547,84.26544952392578,84.17816162109375,84.10811614990234,84.1390380859375,84.14132690429688,84.1546630859375,84.14942932128906,84.15454864501953,134.0
84,92.11412811279297,86.94967651367188,83.82732391357422,84.35231018066406,84.26544952392578,84.87289428710938,84.9682388305664,85.14877319335938,85.29887390136719,85.4551773071289,85.58847045898438,85.72672271728516,114.0
85,84.7686767578125,78.97511291503906,77.91825103759766,77.4071044921875,75.5147933959961,75.97206115722656,76.045654296875,76.0860595703125,76.10961151123047,76.13813781738281,76.14515686035156,76.18583679199219,94.0
86,84.76866912841797,78.97462463378906,76.10611724853516,75.60272979736328,75.51444244384766,75.97206115722656,76.045654296875,76.0860595703125,76.10961151123047,76.13813781738281,76.14515686035156,76.18583679199219,74.0
87,84.76866912841797,77.15608978271484,76.10611724853516,75.60272979736328,75.51444244384766,75.97206115722656,76.045654296875,76.0860595703125,76.10961151123047,76.13813781738281,76.14515686035156,76.18583679199219,54.0
88,84.76866912841797,77.15608215332031,76.10611724853516,75.60272979736328,75.51444244384766,75.97206115722656,76.045654296875,76.0860595703125,76.10961151123047,76.13813781738281,76.14515686035156,76.18583679199219,34.0
89,88.37800598144531,86.84339904785156,83.82732391357422,84.13426971435547,84.26544952392578,84.17816162109375,84.10811614990234,84.1390380859375,84.14132690429688,84.1546630859375,84.14942932128906,84.15454864501953,127.0
90,88.36006164550781,84.3129653930664,81.67762756347656,82.02910614013672,82.1963882446289,82.057861328125,81.99853515625,82.02020263671875,82.01581573486328,82.0213851928711,82.00556182861328,82.00604248046875,107.0
91,88.36006164550781,84.3129653930664,81.67762756347656,82.02910614013672,82.1963882446289,82.057861328125,81.99853515625,82.02020263671875,82.01581573486328,82.0213851928711,82.00556182861328,82.00604248046875,87.0
92,88.36006164550781,84.3129653930664,81.67762756347656,82.02910614013672,82.1963882446289,82.057861328125,81.99853515625,82.02020263671875,82.01581573486328,82.0213851928711,82.00556182861328,82.00604248046875,67.0
93,92.23552703857422,84.57696533203125,81.89857482910156,82.25074005126953,82.4515151977539,82.75914001464844,82.86345672607422,83.03470611572266,83.17796325683594,83.3263931274414,83.44892120361328,83.58236694335938,47.0
94,84.53474426269531,76.58106231689453,73.96033477783203,73.53775024414062,73.49795532226562,73.90167236328125,73.9720230102539,74.00447082519531,74.02171325683594,74.0430908203125,74.03935241699219,74.07559204101562,27.0
95,84.53474426269531,74.77149963378906,73.96033477783203,73.53775024414062,73.49795532226562,73.90167236328125,73.9720230102539,74.00447082519531,74.02171325683594,74.0430908203125,74.03935241699219,74.07559204101562,7.0
96,88.36006164550781,84.3129653930664,81.67762756347656,82.02910614013672,82.1963882446289,82.057861328125,81.99853515625,82.02020263671875,82.01581573486328,82.0213851928711,82.00556182861328,82.00604248046875,150.0
97,88.36058044433594,84.31304168701172,81.67762756347656,82.02910614013672,82.1963882446289,82.057861328125,81.99853515625,82.02020263671875,82.01581573486328,82.0213851928711,82.00556182861328,82.00604248046875,150.0
98,89.8158187866211,84.31304931640625,81.67762756347656,82.02910614013672,82.1963882446289,82.057861328125,81.99853515625,82.02020263671875,82.01581573486328,82.0213851928711,82.00556182861328,82.00604248046875,150.0
99,89.87344360351562,84.3187484741211,81.67762756347656,82.02910614013672,82.1963882446289,82.057861328125,81.99853515625,82.02020263671875,82.01581573486328,82.0213851928711,82.00556182861328,82.00604248046875,150.0
100,91.49150085449219,82.90557098388672,80.6752700805664,81.26246643066406,81.2439956665039,81.05789184570312,81.00872802734375,81.0186767578125,81.00656127929688,81.0029296875,80.9769058227539,80.97127532958984,130.0
101,92.37752532958984,82.90557861328125,80.6752700805664,81.2740249633789,81.2439956665039,81.76264953613281,81.74478149414062,82.03499603271484,82.17036437988281,82.30946350097656,82.42161560058594,82.54877471923828,110.0
102,89.93550872802734,77.13772583007812,75.7768325805664,76.19498443603516,76.0656509399414,76.38861083984375,76.50056457519531,76.580810546875,76.64776611328125,76.71711730957031,76.75828552246094,76.84228515625,90.0
103,84.68017578125,75.14035034179688,72.89569091796875,72.53411102294922,72.53524017333984,72.88811492919922,72.95539855957031,72.9773941040039,72.9871597290039,72.99989318847656,72.98566436767578,73.01585388183594,70.0
104,84.68017578125,73.33454895019531,72.89569091796875,72.53411102294922,72.53524017333984,72.88811492919922,72.95539855957031,72.9773941040039,72.9871597290039,72.99989318847656,72.98566436767578,73.01585388183594,50.0
105,84.68017578125,73.33450317382812,72.89569091796875,72.53411102294922,72.53524017333984,72.88811492919922,72.95539855957031,72.9773941040039,72.9871597290039,72.99989318847656,72.98566436767578,73.01585388183594,30.0
106,88.72666931152344,82.79695129394531,80.6752700805664,81.05118560791016,81.2439956665039,81.05789184570312,81.00872802734375,81.0186767578125,81.00656127929688,81.0029296875,80.9769058227539,80.97127532958984,143.0
107,88.72666931152344,82.79695129394531,80.6752700805664,81.05118560791016,81.2439956665039,81.05789184570312,81.00872802734375,81.0186767578125,81.00656127929688,81.0029296875,80.9769058227539,80.97127532958984,123.0
108,88.72666931152344,82.79695129394531,80.6752700805664,81.05118560791016,81.2439956665039,81.05789184570312,81.00872802734375,81.0186767578125,81.00656127929688,81.0029296875,80.9769058227539,80.97127532958984,103.0
109,88.72666931152344,82.79695129394531,80.6752700805664,81.05118560791016,81.2439956665039,81.05789184570312,81.00872802734375,81.0186767578125,81.00656127929688,81.0029296875,80.9769058227539,80.97127532958984,83.0
110,92.97572326660156,82.40473175048828,80.7593994140625,81.3659896850586,81.35452270507812,81.4569320678711,81.0774917602539,81.07264709472656,81.05162811279297,81.03742218017578,81.00157165527344,80.98800659179688,63.0
111,85.12472534179688,74.71610260009766,74.71990966796875,74.39715576171875,72.64035034179688,72.94010162353516,73.00286865234375,73.01162719726562,73.01271057128906,73.01536560058594,72.99102783203125,73.01326751708984,43.0
112,85.12472534179688,74.71333312988281,72.91885375976562,72.60247802734375,72.64035034179688,72.94010162353516,73.00286865234375,73.01162719726562,73.01271057128906,73.01536560058594,72.99102783203125,73.01326751708984,23.0
113,85.12472534179688,72.91010284423828,72.91885375976562,72.60247802734375,72.64035034179688,72.94010162353516,73.00286865234375,73.01162719726562,73.01271057128906,73.01536560058594,72.99102783203125,73.01326751708984,3.0
114,89.35807800292969,82.2920150756836,80.7593994140625,81.13876342773438,81.35452270507812,81.118408203125,81.0774917602539,81.07264709472656,81.05162811279297,81.03742218017578,81.00157165527344,80.98800659179688,150.0
115,89.35807800292969,82.2920150756836,80.7593994140625,81.13876342773438,81.35452270507812,81.118408203125,81.0774917602539,81.07264709472656,81.05162811279297,81.03742218017578,81.00157165527344,80.98800659179688,150.0
116,89.35807800292969,82.2920150756836,80.7593994140625,81.13876342773438,81.35452270507812,81.118408203125,81.0774917602539,81.07264709472656,81.05162811279297,81.03742218017578,81.00157165527344,80.98800659179688,131.0
117,89.35807800292969,82.2920150756836,80.7593994140625,81.13876342773438,81.35452270507812,81.118408203125,81.0774917602539,81.07264709472656,81.05162811279297,81.03742218017578,81.00157165527344,80.98800659179688,111.0
118,90.74031066894531,82.2922592163086,80.7593994140625,81.13876342773438,81.35452270507812,81.118408203125,81.0774917602539,81.07264709472656,81.05162811279297,81.03742218017578,81.00157165527344,80.98800659179688,91.0
119,92.97575378417969,82.40473175048828,80.7593994140625,81.36607360839844,81.35452270507812,81.82837677001953,81.92131805419922,82.09262084960938,82.21892547607422,82.34732818603516,82.44947814941406,82.56853485107422,71.0
120,85.21759033203125,74.58427429199219,75.06729888916016,74.77361297607422,73.05682373046875,73.3059310913086,73.36581420898438,73.36135864257812,73.35431671142578,73.34735107421875,73.31483459472656,73.32901000976562,51.0
121,85.21759033203125,74.58394622802734,73.26663970947266,72.9793701171875,73.05682373046875,73.3059310913086,73.36581420898438,73.36135864257812,73.35431671142578,73.34735107421875,73.31483459472656,73.32901000976562,31.0
122,85.21759033203125,72.77751922607422,73.26663970947266,72.9793701171875,73.05682373046875,73.3059310913086,73.36581420898438,73.36135864257812,73.35431671142578,73.34735107421875,73.31483459472656,73.32901000976562,11.0
123,89.56573486328125,82.06369018554688,81.1513442993164,81.51702117919922,81.75739288330078,81.47460174560547,81.44316101074219,81.42352294921875,81.39419555664062,81.36984252929688,81.32611083984375,81.30450439453125,138.0
124,89.56573486328125,82.06369018554688,81.1513442993164,81.51702117919922,81.75739288330078,81.47460174560547,81.44316101074219,81.42352294921875,81.39419555664062,81.36984252929688,81.32611083984375,81.30450439453125,118.0
125,89.56573486328125,82.06369018554688,81.1513442993164,81.51702117919922,81.75739288330078,81.47460174560547,81.44316101074219,81.42352294921875,81.39419555664062,81.36984252929688,81.32611083984375,81.30450439453125,98.0
126,89.56573486328125,82.06369018554688,81.1513442993164,81.51702117919922,81.75739288330078,81.47460174560547,81.44316101074219,81.42352294921875,81.39419555664062,81.36984252929688,81.32611083984375,81.30450439453125,78.0
127,93.15342712402344,82.18184661865234,81.1513442993164,81.7498550415039,81.75740051269531,82.19084167480469,82.31202697753906,82.44812774658203,82.56595611572266,82.68408203125,82.77816772460938,82.8890151977539,58.0
128,85.21759796142578,74.58427429199219,73.26663970947266,72.9793701171875,73.05682373046875,73.3059310913086,73.36581420898438,73.36135864257812,73.35431671142578,73.34735107421875,73.31483459472656,73.32901000976562,38.0
129,85.21759033203125,72.81845092773438,73.26663970947266,72.9793701171875,73.05682373046875,73.3059310913086,73.36581420898438,73.36135864257812,73.35431671142578,73.34735107421875,73.31483459472656,73.32901000976562,18.0
130,88.25231170654297,80.93589782714844,80.6166000366211,80.96614837646484,81.22754669189453,80.90248107910156,80.87870788574219,80.84628295898438,80.81040954589844,80.7776870727539,80.72901916503906,80.7001953125,150.0
131,88.25231170654297,80.93589782714844,80.6166000366211,80.96614837646484,81.22754669189453,80.90248107910156,80.87870788574219,80.84628295898438,80.81040954589844,80.7776870727539,80.72901916503906,80.7001953125,130.0
132,88.25231170654297,80.93589782714844,80.6166000366211,80.96614837646484,81.22754669189453,80.90248107910156,80.87870788574219,80.84628295898438,80.81040954589844,80.7776870727539,80.72901916503906,80.7001953125,110.0
133,88.25231170654297,80.93589782714844,80.6166000366211,80.96614837646484,81.22754669189453,80.90248107910156,80.87870788574219,80.84628295898438,80.81040954589844,80.7776870727539,80.72901916503906,80.7001953125,90.0
134,91.56341552734375,81.05927276611328,80.6166000366211,81.20429229736328,81.22754669189453,80.90248107910156,80.87870788574219,80.84628295898438,80.81040954589844,80.7776870727539,80.72901916503906,80.7001953125,70.0
135,83.82197570800781,73.59017944335938,74.532958984375,74.26325988769531,74.35344696044922,72.78466796875,72.84086608886719,72.8251953125,72.8119125366211,72.79718780517578,72.7596664428711,72.76663970947266,50.0
136,83.82195281982422,73.58998107910156,72.736083984375,72.47301483154297,72.5860824584961,72.78466796875,72.84086608886719,72.8251953125,72.8119125366211,72.79718780517578,72.7596664428711,72.76663970947266,30.0
137,83.82195281982422,71.78912353515625,72.736083984375,72.47301483154297,72.5860824584961,72.78466796875,72.84086608886719,72.8251953125,72.8119125366211,72.79718780517578,72.7596664428711,72.76663970947266,10.0
138,88.25231170654297,80.93589782714844,80.6166000366211,80.96614837646484,81.22754669189453,80.90248107910156,80.87870788574219,80.84628295898438,80.81040954589844,80.7776870727539,80.72901916503906,80.7001953125,108.0
139,88.25231170654297,80.93589782714844,80.6166000366211,80.96614837646484,81.22754669189453,80.90248107910156,80.87870788574219,80.84628295898438,80.81040954589844,80.7776870727539,80.72901916503906,80.7001953125,88.0
140,86.82549285888672,80.23348236083984,80.46179962158203,80.78215026855469,81.05135345458984,80.71007537841797,80.69300842285156,80.65059661865234,80.6104965209961,80.57178497314453,80.52140808105469,80.48710632324219,68.0
141,90.20165252685547,80.36289978027344,80.46179962158203,81.02625274658203,81.05135345458984,81.43864440917969,80.69300842285156,80.65059661865234,80.6104965209961,80.57178497314453,80.52140808105469,80.48710632324219,48.0
142,82.36150360107422,73.02455139160156,72.59528350830078,72.34359741210938,72.47782897949219,72.65271759033203,72.70508575439453,72.68067932128906,72.66323852539062,72.64290618896484,72.60340118408203,72.60468292236328,28.0
143,82.36150360107422,71.22918701171875,72.59528350830078,72.34359741210938,72.47782897949219,72.65271759033203,72.70508575439453,72.68067932128906,72.66323852539062,72.64290618896484,72.60340118408203,72.60468292236328,8.0
144,86.81661987304688,80.23348236083984,80.46179962158203,80.78215026855469,81.05135345458984,80.71007537841797,80.69300842285156,80.65059661865234,80.6104965209961,80.57178497314453,80.52140808105469,80.48710632324219,150.0
145,86.81661987304688,80.23348236083984,80.46179962158203,80.78215026855469,81.05135345458984,80.71007537841797,80.69300842285156,80.65059661865234,80.6104965209961,80.57178497314453,80.52140808105469,80.48710632324219,150.0
146,86.81661987304688,80.23348236083984,80.46179962158203,80.78215026855469,81.05135345458984,80.71007537841797,80.69300842285156,80.65059661865234,80.6104965209961,80.57178497314453,80.52140808105469,80.48710632324219,147.0
147,86.81661987304688,80.23348236083984,80.46179962158203,80.78215026855469,81.05135345458984,80.71007537841797,80.69300842285156,80.65059661865234,80.6104965209961,80.57178497314453,80.52140808105469,80.48710632324219,127.0
148,86.8211898803711,80.23348236083984,80.46179962158203,80.78215026855469,81.05135345458984,80.71007537841797,80.69300842285156,80.65059661865234,80.6104965209961,80.57178497314453,80.52140808105469,80.48710632324219,107.0
149,90.04667663574219,80.36289978027344,80.46179962158203,81.02625274658203,81.05135345458984,80.71007537841797,80.69300842285156,80.65059661865234,80.6104965209961,80.57178497314453,80.52140808105469,80.48710632324219,87.0
150,86.66899108886719,75.26924133300781,75.18856811523438,76.55036163330078,76.67697143554688,76.83119201660156,76.93260192871094,76.95970153808594,76.99671173095703,77.0289077758789,77.04469299316406,77.09554290771484,67.0
151,81.37403869628906,73.33793640136719,73.2802734375,73.02484130859375,73.16976165771484,73.33250427246094,73.38406372070312,73.35325622558594,73.33338928222656,73.30933380126953,73.27020263671875,73.26725006103516,47.0
152,81.37403869628906,71.54090118408203,73.2802734375,73.02484130859375,73.16976165771484,73.33250427246094,73.38406372070312,73.35325622558594,73.33338928222656,73.30933380126953,73.27020263671875,73.26725006103516,27.0
153,81.37403869628906,71.53695678710938,73.2802734375,73.02484130859375,73.16976165771484,73.33250427246094,73.38406372070312,73.35325622558594,73.33338928222656,73.30933380126953,73.27020263671875,73.26725006103516,7.0
154,85.87301635742188,80.48554992675781,81.1949462890625,81.46833801269531,81.73443603515625,81.3888931274414,81.38325500488281,81.33377075195312,81.29161071777344,81.24925994873047,81.20001220703125,81.16209411621094,138.0
155,85.87301635742188,80.48554992675781,81.1949462890625,81.46833801269531,81.73443603515625,81.3888931274414,81.38325500488281,81.33377075195312,81.29161071777344,81.24925994873047,81.20001220703125,81.16209411621094,118.0
156,85.87301635742188,80.48554992675781,81.1949462890625,81.46833801269531,81.73443603515625,81.3888931274414,81.38325500488281,81.33377075195312,81.29161071777344,81.24925994873047,81.20001220703125,81.16209411621094,98.0
157,85.87863159179688,80.48554992675781,81.1949462890625,81.46833801269531,81.73443603515625,81.3888931274414,81.38325500488281,81.33377075195312,81.29161071777344,81.24925994873047,81.20001220703125,81.16209411621094,78.0
158,89.37153625488281,80.6198501586914,81.1949462890625,81.71741485595703,81.73443603515625,82.1210708618164,81.38325500488281,81.33377075195312,81.29161071777344,81.24925994873047,81.20001220703125,81.16209411621094,58.0
159,81.37403869628906,73.33793640136719,73.2802734375,73.39269256591797,73.16976165771484,73.33250427246094,73.38406372070312,73.35325622558594,73.33338928222656,73.30933380126953,73.27020263671875,73.26725006103516,38.0
160,79.44063568115234,71.26819610595703,73.28785705566406,73.01471710205078,73.15766906738281,73.30944061279297,73.36443328857422,73.33068084716797,73.31080627441406,73.28567504882812,73.2499008178711,73.24451446533203,18.0
161,83.95348358154297,80.10469818115234,81.20113372802734,81.41825103759766,81.6698226928711,81.3243179321289,81.3320083618164,81.2790298461914,81.23725891113281,81.1939697265625,81.14874267578125,81.10909271240234,150.0
162,83.95348358154297,80.10469818115234,81.20113372802734,81.41825103759766,81.6698226928711,81.3243179321289,81.3320083618164,81.2790298461914,81.23725891113281,81.1939697265625,81.14874267578125,81.10909271240234,150.0
163,83.95348358154297,80.10469818115234,81.20113372802734,81.41825103759766,81.6698226928711,81.3243179321289,81.3320083618164,81.2790298461914,81.23725891113281,81.1939697265625,81.14874267578125,81.10909271240234,150.0
164,83.96588134765625,80.10469818115234,81.20113372802734,81.41825103759766,81.6698226928711,81.3243179321289,81.3320083618164,81.2790298461914,81.23725891113281,81.1939697265625,81.14874267578125,81.10909271240234,150.0
165,85.3062973022461,80.10749053955078,81.20113372802734,81.41825103759766,81.6698226928711,81.3243179321289,81.3320083618164,81.2790298461914,81.23725891113281,81.1939697265625,81.14874267578125,81.10909271240234,150.0
166,87.4219970703125,80.24423217773438,81.20113372802734,81.67247009277344,82.22673034667969,82.06037139892578,82.2197036743164,82.31702423095703,82.4217529296875,82.52041625976562,82.61235046386719,82.70442962646484,136.0
167,79.4406967163086,73.05652618408203,75.07955169677734,74.79808044433594,73.15766906738281,73.30944061279297,73.36443328857422,73.33068084716797,73.31080627441406,73.28567504882812,73.2499008178711,73.24451446533203,116.0
168,79.44063568115234,73.05652618408203,73.28785705566406,73.01471710205078,73.15766906738281,73.30944061279297,73.36443328857422,73.33068084716797,73.31080627441406,73.28567504882812,73.2499008178711,73.24451446533203,96.0
169,79.44063568115234,71.27516174316406,73.28785705566406,73.01471710205078,73.15766906738281,73.30944061279297,73.36443328857422,73.33068084716797,73.31080627441406,73.28567504882812,73.2499008178711,73.24451446533203,76.0
170,79.96617126464844,73.81426239013672,75.89771270751953,75.60639190673828,75.75981903076172,75.90576171875,75.95834350585938,75.92127227783203,75.90010833740234,75.87313842773438,75.8399429321289,75.83110046386719,56.0
171,85.88654327392578,82.49671173095703,83.86720275878906,84.02383422851562,84.26287841796875,83.92425537109375,83.93860626220703,83.88197326660156,83.83944702148438,83.7945556640625,83.75263214111328,83.71036529541016,150.0
172,85.88555145263672,82.5030746459961,83.86720275878906,84.02383422851562,84.26287841796875,83.92425537109375,83.93860626220703,83.88197326660156,83.83944702148438,83.7945556640625,83.75263214111328,83.71036529541016,150.0
173,85.88541412353516,82.51671600341797,83.86720275878906,84.02383422851562,84.26287841796875,83.92425537109375,83.93860626220703,83.88197326660156,83.83944702148438,83.7945556640625,83.75263214111328,83.71036529541016,150.0
174,85.88529205322266,82.62738800048828,83.86720275878906,84.02383422851562,84.26287841796875,83.92425537109375,83.93860626220703,83.88197326660156,83.83944702148438,83.7945556640625,83.75263214111328,83.71036529541016,150.0
175,87.72124481201172,82.6304702758789,83.86720275878906,84.0407943725586,84.26287841796875,83.92425537109375,83.93860626220703,83.88197326660156,83.83944702148438,83.7945556640625,83.75263214111328,83.71036529541016,131.0
176,87.99040985107422,82.6304702758789,83.86720275878906,84.28470611572266,84.26287841796875,84.66607666015625,84.8310317993164,84.9251708984375,85.02898406982422,85.12591552734375,85.22099304199219,85.31027221679688,111.0
177,85.02115631103516,77.39925384521484,77.6949234008789,79.13077545166016,79.25615692138672,79.39970397949219,79.50397491455078,79.52479553222656,79.56050109863281,79.58975982666016,79.6114273071289,79.656494140625,91.0
178,79.96617126464844,75.47512817382812,75.89771270751953,75.60639190673828,75.75981903076172,75.90576171875,75.95834350585938,75.92127227783203,75.90010833740234,75.87313842773438,75.8399429321289,75.83110046386719,71.0
179,79.96617126464844,75.06135559082031,75.89771270751953,75.60639190673828,75.75981903076172,75.90576171875,75.95834350585938,75.92127227783203,75.90010833740234,75.87313842773438,75.8399429321289,75.83110046386719,51.0
180,82.10824584960938,79.6435546875,80.1719970703125,79.8509521484375,80.00933074951172,80.15341186523438,80.19857788085938,80.15838623046875,80.13511657714844,80.10588073730469,80.07464599609375,80.061767578125,31.0
181,86.85301208496094,86.71808624267578,88.22364807128906,88.3118667602539,88.53679656982422,88.20596313476562,88.22119903564453,88.16134643554688,88.11737060546875,88.07064056396484,88.0314712524414,87.98617553710938,150.0
182,86.84239196777344,86.70957946777344,88.22364807128906,88.3118667602539,88.53679656982422,88.20596313476562,88.22119903564453,88.16134643554688,88.11737060546875,88.07064056396484,88.0314712524414,87.98617553710938,150.0
183,86.85755157470703,86.8058090209961,88.22364807128906,88.3118667602539,88.53679656982422,88.20596313476562,88.22119903564453,88.16134643554688,88.11737060546875,88.07064056396484,88.0314712524414,87.98617553710938,150.0
184,89.55939483642578,86.8059310913086,88.22364807128906,88.3118667602539,88.53679656982422,88.20596313476562,88.22119903564453,88.16134643554688,88.11737060546875,88.07064056396484,88.0314712524414,87.98617553710938,150.0
185,90.0723648071289,86.8059310913086,88.22364807128906,88.5484619140625,88.53679656982422,88.20596313476562,88.22119903564453,88.16134643554688,88.11737060546875,88.07064056396484,88.0314712524414,87.98617553710938,150.0
186,90.21385955810547,86.80595397949219,88.22364807128906,88.58086395263672,89.1022720336914,88.95503234863281,89.12076568603516,89.21125030517578,89.31344604492188,89.40840148925781,89.50607299804688,89.5921401977539,137.0
187,82.10830688476562,79.6435546875,81.9789047241211,81.64790344238281,80.00933074951172,80.15341186523438,80.19857788085938,80.15838623046875,80.13511657714844,80.10588073730469,80.07464599609375,80.061767578125,117.0
188,82.10824584960938,79.6435546875,80.1719970703125,79.8509521484375,80.00933074951172,80.15341186523438,80.19857788085938,80.15838623046875,80.13511657714844,80.10588073730469,80.07464599609375,80.061767578125,97.0
189,82.10824584960938,79.6435546875,80.1719970703125,79.8509521484375,80.00933074951172,80.15341186523438,80.19857788085938,80.15838623046875,80.13511657714844,80.10588073730469,80.07464599609375,80.061767578125,77.0
190,86.22251892089844,85.74473571777344,86.28730010986328,85.94364166259766,86.11698150634766,86.26343536376953,86.29685974121094,86.25396728515625,86.22802734375,86.19639587402344,86.16647338867188,86.14938354492188,57.0
191,90.88322448730469,92.95851135253906,94.4571533203125,94.47765350341797,94.69420623779297,94.37705993652344,94.38807678222656,94.3255844116211,94.2796630859375,94.23101806640625,94.19395446777344,94.14552307128906,127.0
192,90.88322448730469,92.95851135253906,94.4571533203125,94.47765350341797,94.69420623779297,94.37705993652344,94.38807678222656,94.3255844116211,94.2796630859375,94.23101806640625,94.19395446777344,94.14552307128906,107.0
193,93.01705932617188,92.95851135253906,94.4571533203125,94.47765350341797,94.69420623779297,94.37705993652344,94.38807678222656,94.3255844116211,94.2796630859375,94.23101806640625,94.19395446777344,94.14552307128906,87.0
194,94.31111145019531,92.95851135253906,94.4571533203125,94.52349090576172,94.69420623779297,94.37705993652344,94.38807678222656,94.3255844116211,94.2796630859375,94.23101806640625,94.19395446777344,94.14552307128906,67.0
195,94.57332611083984,93.14479064941406,94.66817474365234,94.75968170166016,95.26490020751953,95.13496398925781,95.29596710205078,95.38380432128906,95.48390197753906,95.5768051147461,95.67642211914062,96.65447235107422,47.0
196,86.22251892089844,85.74473571777344,86.28730010986328,85.94364166259766,86.11698150634766,86.26343536376953,86.29685974121094,86.25396728515625,86.22802734375,86.19639587402344,86.16647338867188,86.14938354492188,27.0
197,86.22251892089844,85.74473571777344,86.28730010986328,85.94364166259766,86.11698150634766,86.26343536376953,86.29685974121094,86.25396728515625,86.22802734375,86.19639587402344,86.16647338867188,86.14938354492188,7.0
198,90.88322448730469,92.95851135253906,94.4571533203125,94.47765350341797,94.69420623779297,94.37705993652344,94.38807678222656,94.3255844116211,94.2796630859375,94.23101806640625,94.19395446777344,94.14552307128906,150.0
199,90.88323211669922,92.95851135253906,94.4571533203125,94.47765350341797,94.69420623779297,94.37705993652344,94.38807678222656,94.3255844116211,94.2796630859375,94.23101806640625,94.19395446777344,94.14552307128906,150.0
200,96.95344543457031,97.93501281738281,99.42420959472656,99.39008331298828,99.5822525024414,99.28958129882812,99.29517364501953,99.23352813720703,99.18798828125,99.13999938964844,99.10658264160156,99.05233764648438,150.0
201,97.60430908203125,97.93501281738281,99.42420959472656,99.68260955810547,99.5822525024414,99.28958129882812,99.29517364501953,99.23352813720703,99.18798828125,99.13999938964844,99.10658264160156,99.05233764648438,150.0
202,97.60433959960938,97.93501281738281,99.42420959472656,99.68533325195312,99.5822525024414,99.28958129882812,99.29517364501953,99.23352813720703,99.18798828125,99.13999938964844,99.10658264160156,99.05233764648438,140.0
203,97.861328125,98.12127685546875,99.42423248291016,99.68533325195312,100.16144561767578,100.05892944335938,100.2140121459961,100.30268096923828,100.40299224853516,100.49641418457031,100.59953308105469,100.67622375488281,120.0
204,89.47286987304688,90.74542999267578,93.06055450439453,92.69133758544922,91.03907012939453,91.19735717773438,91.21888732910156,91.17679595947266,91.15066528320312,91.11930084228516,91.09245300292969,91.06733703613281,100.0
205,89.47285461425781,90.74542999267578,91.22853088378906,90.8708724975586,91.03907012939453,91.19735717773438,91.21888732910156,91.17679595947266,91.15066528320312,91.11930084228516,91.09245300292969,91.06733703613281,80.0
206,89.47285461425781,90.74542999267578,91.22853088378906,90.8708724975586,91.03907012939453,91.19735717773438,91.21888732910156,91.17679595947266,91.15066528320312,91.11930084228516,91.09245300292969,91.06733703613281,60.0
207,89.47285461425781,90.74542999267578,91.22853088378906,90.8708724975586,91.03907012939453,91.19735717773438,91.21888732910156,91.17679595947266,91.15066528320312,91.11930084228516,91.09245300292969,91.06733703613281,40.0
208,96.0799560546875,97.93501281738281,99.42420959472656,99.38973999023438,99.5822525024414,99.28958129882812,99.29517364501953,99.23352813720703,99.18798828125,99.13999938964844,99.10658264160156,99.05233764648438,150.0
209,97.44209289550781,97.93501281738281,99.42420959472656,99.38977813720703,99.5822525024414,99.28958129882812,99.29517364501953,99.23352813720703,99.18798828125,99.13999938964844,99.10658264160156,99.05233764648438,150.0
210,101.82771301269531,103.63285827636719,105.03086853027344,105.25495147705078,105.12332153320312,104.858642578125,104.85637664794922,104.79695892333984,104.75222778320312,104.70559692382812,104.67562103271484,104.61721801757812,150.0
211,101.82771301269531,103.63285827636719,105.03086853027344,105.2601089477539,105.12332153320312,104.858642578125,104.85637664794922,104.79695892333984,104.75222778320312,104.70559692382812,104.67562103271484,104.61721801757812,134.0
212,101.82771301269531,103.63285827636719,105.03086853027344,105.26011657714844,105.12332153320312,104.858642578125,104.85637664794922,104.79695892333984,104.75222778320312,104.70559692382812,104.67562103271484,104.61721801757812,114.0
213,101.82777404785156,103.63285827636719,105.03086853027344,105.26012420654297,105.12332153320312,105.2203369140625,104.85637664794922,104.79695892333984,104.75222778320312,104.70559692382812,104.67562103271484,104.61721801757812,94.0
214,98.77667999267578,98.3999252319336,101.26016235351562,100.03247833251953,100.13513946533203,100.3171615600586,100.37962341308594,100.39777374267578,100.42900848388672,100.45504760742188,100.48614501953125,100.5089111328125,74.0
215,93.6590347290039,96.46345520019531,96.81159973144531,96.44886779785156,96.61923217773438,96.79176330566406,96.79973602294922,96.75975036621094,96.73388671875,96.7035140991211,96.67964172363281,96.64825439453125,54.0
216,93.6590347290039,96.46345520019531,96.81159973144531,96.44886779785156,96.61923217773438,96.79176330566406,96.79973602294922,96.75975036621094,96.73388671875,96.7035140991211,96.67964172363281,96.64825439453125,34.0
217,93.6590347290039,96.46345520019531,96.81159973144531,96.44886779785156,96.61923217773438,96.79176330566406,96.79973602294922,96.75975036621094,96.73388671875,96.7035140991211,96.67964172363281,96.64825439453125,14.0
218,101.82771301269531,103.63285827636719,105.03086853027344,105.18474578857422,105.12332153320312,104.858642578125,104.85637664794922,104.79695892333984,104.75222778320312,104.70559692382812,104.67562103271484,104.61721801757812,150.0
219,101.82771301269531,103.63285827636719,105.03086853027344,105.22019958496094,105.12332153320312,104.858642578125,104.85637664794922,104.79695892333984,104.75222778320312,104.70559692382812,104.67562103271484,104.61721801757812,150.0
220,105.4615707397461,108.47276306152344,109.70623779296875,109.91287994384766,109.74706268310547,109.51256561279297,109.50533294677734,109.45123291015625,109.40960693359375,109.36676025390625,109.3415756225586,109.2824478149414,150.0
221,105.4616470336914,108.47276306152344,109.70623779296875,109.91287994384766,109.74706268310547,109.51256561279297,109.50533294677734,109.45123291015625,109.40960693359375,109.36676025390625,109.3415756225586,109.2824478149414,150.0
222,105.6063232421875,108.47276306152344,109.70623779296875,109.91287994384766,109.74707794189453,110.30866241455078,110.45056915283203,110.5467529296875,110.65066528320312,110.74893188476562,110.8600082397461,110.93134307861328,150.0
223,105.9399185180664,109.0704345703125,109.85545349121094,110.21033477783203,107.50030517578125,107.63394927978516,108.19205474853516,108.39595031738281,108.6048812866211,108.83055114746094,109.89368438720703,110.11051177978516,150.0
224,97.30838012695312,101.36763763427734,103.36944580078125,102.99430847167969,101.32996368408203,101.51782989501953,101.51590728759766,101.48098754882812,101.45762634277344,101.43058776855469,101.41106414794922,101.37688446044922,150.0
225,97.30843353271484,101.36763763427734,101.51948547363281,101.15753936767578,101.32996368408203,101.51782989501953,101.51590728759766,101.48098754882812,101.45762634277344,101.43058776855469,101.41106414794922,101.37688446044922,133.0
226,97.30843353271484,101.36763763427734,101.51948547363281,101.15753936767578,101.32996368408203,101.51782989501953,101.51590728759766,101.48098754882812,101.45762634277344,101.43058776855469,101.41106414794922,101.37688446044922,113.0
227,97.30843353271484,101.36763763427734,101.51948547363281,101.15753936767578,101.32996368408203,101.51782989501953,101.51590728759766,101.48098754882812,101.45762634277344,101.43058776855469,101.41106414794922,101.37688446044922,93.0
228,105.4615707397461,108.47276306152344,109.70623779296875,109.91287994384766,109.74706268310547,109.51256561279297,109.50533294677734,109.45123291015625,109.40960693359375,109.36676025390625,109.3415756225586,109.2824478149414,150.0
229,105.4615707397461,108.47276306152344,109.70623779296875,109.91287994384766,109.74706268310547,109.51256561279297,109.50533294677734,109.45123291015625,109.40960693359375,109.36676025390625,109.3415756225586,109.2824478149414,150.0
230,111.07524108886719,114.97872924804688,116.00151062011719,116.19471740722656,116.02193450927734,115.8075942993164,115.78765106201172,115.7366714477539,115.69558715820312,115.65399932861328,115.62278747558594,115.56209564208984,150.0
231,111.07533264160156,114.97872924804688,116.00151062011719,116.19471740722656,116.02193450927734,115.8075942993164,115.78765106201172,115.7366714477539,115.69558715820312,115.65399932861328,115.62278747558594,115.56209564208984,150.0
232,111.07536315917969,114.97872924804688,116.00151062011719,116.19471740722656,116.02193450927734,115.8075942993164,115.78765106201172,115.7366714477539,115.69558715820312,115.65399932861328,115.62278747558594,115.56209564208984,150.0
233,111.34962463378906,115.67485046386719,116.00154876708984,116.19471740722656,116.63764190673828,116.6231918334961,116.7525405883789,116.85173034667969,116.95602416992188,117.05540466308594,117.1602554321289,117.22978973388672,150.0
234,104.82452392578125,109.69371032714844,109.6746597290039,109.30936431884766,107.67232513427734,107.86997985839844,107.85462188720703,107.82268524169922,107.79940032958984,107.7734146118164,107.75211334228516,107.71428680419922,138.0
235,102.90746307373047,107.90174102783203,107.8128890991211,107.4615478515625,107.67231750488281,107.86997985839844,107.85462188720703,107.82268524169922,107.79940032958984,107.7734146118164,107.75211334228516,107.71428680419922,118.0
236,102.90746307373047,107.90174102783203,107.8128890991211,107.4615478515625,107.67231750488281,107.86997985839844,107.85462188720703,107.82268524169922,107.79940032958984,107.7734146118164,107.75211334228516,107.71428680419922,98.0
237,102.90746307373047,107.90174102783203,107.8128890991211,107.4615478515625,107.67231750488281,107.86997985839844,107.85462188720703,107.82268524169922,107.79940032958984,107.7734146118164,107.75211334228516,107.71428680419922,78.0
238,111.07524108886719,114.97872924804688,116.00151062011719,116.04569244384766,116.02193450927734,115.8075942993164,115.78765106201172,115.7366714477539,115.69558715820312,115.65399932861328,115.62278747558594,115.56209564208984,150.0
239,111.07524108886719,114.97872924804688,116.00151062011719,116.04570007324219,116.02193450927734,115.8075942993164,115.78765106201172,115.7366714477539,115.69558715820312,115.65399932861328,115.62278747558594,115.56209564208984,150.0
240,117.73634338378906,122.17826080322266,122.97534942626953,123.162841796875,122.98739624023438,122.79268646240234,122.76013946533203,122.71256256103516,122.67206573486328,122.63182830810547,122.59503173828125,122.53446960449219,150.0
241,117.73634338378906,122.17826080322266,122.97534942626953,123.162841796875,122.98739624023438,122.79268646240234,122.76013946533203,122.71256256103516,122.67206573486328,122.63182830810547,122.59503173828125,122.53446960449219,133.0
242,117.7363510131836,122.18014526367188,122.97534942626953,123.162841796875,122.98739624023438,122.79268646240234,122.76013946533203,122.71256256103516,122.67206573486328,122.63182830810547,122.59503173828125,122.53446960449219,113.0
243,117.90460205078125,122.68833923339844,122.97534942626953,123.162841796875,122.98739624023438,123.62813568115234,123.74491119384766,123.84746551513672,123.9521713256836,124.05277252197266,124.15184020996094,124.22128295898438,93.0
244,113.63426208496094,117.0567626953125,116.65365600585938,116.30608367919922,114.70060729980469,114.90654754638672,114.87801361083984,114.84929656982422,114.82615661621094,114.80135345458984,114.77825164794922,114.73860168457031,73.0
245,109.540771484375,115.11773681640625,114.77835083007812,114.44554138183594,114.70060729980469,114.90654754638672,114.87801361083984,114.84929656982422,114.82615661621094,114.80135345458984,114.77825164794922,114.73860168457031,53.0
246,109.540771484375,115.11773681640625,114.77835083007812,114.44554138183594,114.70060729980469,114.90654754638672,114.87801361083984,114.84929656982422,114.82615661621094,114.80135345458984,114.77825164794922,114.73860168457031,33.0
247,109.540771484375,115.11773681640625,114.77835083007812,114.44554138183594,114.70060729980469,114.90654754638672,114.87801361083984,114.84929656982422,114.82615661621094,114.80135345458984,114.77825164794922,114.73860168457031,13.0
248,117.73634338378906,122.17826080322266,122.97534942626953,123.162841796875,122.98739624023438,122.79268646240234,122.76013946533203,122.71256256103516,122.67206573486328,122.63182830810547,122.59503173828125,122.53446960449219,134.0
249,117.73634338378906,122.17826080322266,122.97534942626953,123.162841796875,122.98739624023438,122.79268646240234,122.76013946533203,122.71256256103516,122.67206573486328,122.63182830810547,122.59503173828125,122.53446960449219,114.0
250,122.15204620361328,127.04061126708984,127.33335876464844,127.5115737915039,127.3494644165039,127.17417907714844,127.13304138183594,127.09182739257812,127.05460357666016,127.01837158203125,126.97901916503906,126.92239379882812,94.0
251,122.15204620361328,127.24281311035156,127.33335876464844,127.5115737915039,127.3494644165039,127.17417907714844,127.13304138183594,127.09182739257812,127.05460357666016,127.01837158203125,126.97901916503906,126.92239379882812,74.0
252,123.53038024902344,127.28221130371094,127.33335876464844,127.5115737915039,127.3494644165039,128.02975463867188,128.13792419433594,128.24676513671875,128.35455322265625,128.458984375,128.55526733398438,128.62843322753906,54.0
253,114.03959655761719,119.81570434570312,119.240234375,118.91685485839844,119.22468566894531,119.43399047851562,119.39668273925781,119.37437438964844,119.35433197021484,119.33358001708984,119.31161499023438,119.27427673339844,34.0
254,114.03960418701172,119.81570434570312,119.240234375,118.91685485839844,119.22468566894531,119.43399047851562,119.39668273925781,119.37437438964844,119.35433197021484,119.33358001708984,119.31161499023438,119.27427673339844,14.0
255,122.15204620361328,127.2822036743164,127.33335876464844,127.5115737915039,127.3494644165039,127.17417907714844,127.13304138183594,127.09182739257812,127.05460357666016,127.01837158203125,126.97901916503906,126.92239379882812,150.0
256,122.15204620361328,127.28218841552734,127.33335876464844,127.5115737915039,127.3494644165039,127.17417907714844,127.13304138183594,127.09182739257812,127.05460357666016,127.01837158203125,126.97901916503906,126.92239379882812,150.0
257,122.15204620361328,127.28221130371094,127.33335876464844,127.5115737915039,127.3494644165039,127.17417907714844,127.13304138183594,127.09182739257812,127.05460357666016,127.01837158203125,126.97901916503906,126.92239379882812,150.0
258,122.15213775634766,127.28221130371094,127.33335876464844,127.5115737915039,127.3494644165039,127.17417907714844,127.13304138183594,127.09182739257812,127.05460357666016,127.01837158203125,126.97901916503906,126.92239379882812,150.0
259,122.15258026123047,127.28221130371094,127.33335876464844,127.5115737915039,127.3494644165039,127.17417907714844,127.13304138183594,127.09182739257812,127.05460357666016,127.01837158203125,126.97901916503906,126.92239379882812,150.0
260,126.42759704589844,130.02969360351562,129.87991333007812,130.36663818359375,129.4813232421875,130.38511657714844,130.48873901367188,130.60589599609375,130.71897888183594,130.82923889160156,131.01080322265625,131.95306396484375,150.0
261,117.17723083496094,124.52061462402344,123.70149230957031,123.35507202148438,121.85945129394531,122.07205200195312,122.03020477294922,122.01667022705078,122.002197265625,121.98772430419922,121.96955108642578,121.93805694580078,143.0
262,116.98787689208984,122.60001373291016,121.82858276367188,121.49884796142578,121.85945129394531,122.07205200195312,122.03020477294922,122.01667022705078,122.002197265625,121.98772430419922,121.96955108642578,121.93805694580078,123.0
263,116.98787689208984,122.60001373291016,121.82858276367188,121.49884796142578,121.85945129394531,122.07205200195312,122.03020477294922,122.01667022705078,122.002197265625,121.98772430419922,121.96955108642578,121.93805694580078,103.0
264,116.98787689208984,122.60001373291016,121.82858276367188,121.49884796142578,121.85945129394531,122.07205200195312,122.03020477294922,122.01667022705078,122.002197265625,121.98772430419922,121.96955108642578,121.93805694580078,83.0
265,126.07575988769531,129.27072143554688,129.63623046875,129.7992706298828,129.656005859375,129.5028839111328,129.45704650878906,129.4242706298828,129.39247131347656,129.36216735839844,129.3230438232422,129.27359008789062,150.0
266,126.07584381103516,129.27072143554688,129.63623046875,129.7992706298828,129.656005859375,129.5028839111328,129.45704650878906,129.4242706298828,129.39247131347656,129.36216735839844,129.3230438232422,129.27359008789062,150.0
267,126.27909088134766,129.60723876953125,129.63623046875,129.7992706298828,129.656005859375,129.5028839111328,129.45704650878906,129.4242706298828,129.39247131347656,129.36216735839844,129.3230438232422,129.27359008789062,150.0
268,126.27909851074219,129.7923583984375,129.63623046875,129.7992706298828,130.15890502929688,130.38511657714844,130.4887237548828,130.60589599609375,130.71897888183594,130.82923889160156,130.92559814453125,131.00572204589844,150.0
269,126.42759704589844,130.02969360351562,129.879638671875,129.7992706298828,130.3383331298828,130.38511657714844,130.48873901367188,130.60589599609375,130.71897888183594,130.82923889160156,130.92559814453125,131.00572204589844,150.0
270,130.69805908203125,133.83334350585938,133.11581420898438,130.2452392578125,127.48204040527344,130.6441650390625,129.6005096435547,130.75523376464844,130.951416015625,131.1363067626953,131.31346130371094,132.1542205810547,150.0
271,122.37339782714844,127.55125427246094,126.5806884765625,126.23173522949219,124.79658508300781,125.00102996826172,124.95469665527344,124.94745635986328,124.93647766113281,124.92623901367188,124.91007232666016,124.87889099121094,150.0
272,120.46605682373047,125.64263153076172,124.71310424804688,124.38187408447266,124.79658508300781,125.00102996826172,124.95469665527344,124.94745635986328,124.93647766113281,124.92623901367188,124.91007232666016,124.87889099121094,150.0
273,120.46605682373047,125.64263153076172,124.71310424804688,124.38187408447266,124.79658508300781,125.00102996826172,124.95469665527344,124.94745635986328,124.93647766113281,124.92623901367188,124.91007232666016,124.87889099121094,150.0
274,120.46601104736328,125.64263153076172,124.71310424804688,124.38187408447266,124.79658508300781,125.00102996826172,124.95469665527344,124.94745635986328,124.93647766113281,124.92623901367188,124.91007232666016,124.87889099121094,136.0
275,128.70655822753906,132.0472869873047,132.24227905273438,132.39515686035156,132.2717742919922,132.12835693359375,132.0775146484375,132.05039978027344,132.0216064453125,131.99488830566406,131.95413208007812,131.90467834472656,150.0
276,128.70791625976562,132.0472869873047,132.24227905273438,132.39515686035156,132.2717742919922,132.12835693359375,132.0775146484375,132.05039978027344,132.0216064453125,131.99488830566406,131.95413208007812,131.90467834472656,145.0
277,128.70852661132812,132.0472869873047,132.24227905273438,132.39515686035156,132.2717742919922,132.12835693359375,132.0775146484375,132.05039978027344,132.0216064453125,131.99488830566406,131.95413208007812,131.90467834472656,125.0
278,128.7115936279297,132.0472869873047,132.24227905273438,132.39515686035156,132.2717742919922,132.12835693359375,132.0775146484375,132.05039978027344,132.0216064453125,131.99488830566406,131.95413208007812,131.90467834472656,105.0
279,129.31077575683594,132.0472869873047,132.24227905273438,132.39515686035156,132.2717742919922,132.12835693359375,132.0775146484375,132.05039978027344,132.0216064453125,131.99488830566406,131.95413208007812,131.90467834472656,85.0
280,133.0173797607422,134.84164428710938,134.9028778076172,135.07022094726562,135.73043823242188,135.7687530517578,135.87179565429688,135.9923095703125,136.11045837402344,136.22683715820312,136.320068359375,136.39651489257812,65.0
281,124.17039489746094,128.69937133789062,127.6518325805664,127.34263610839844,127.83059692382812,128.00404357910156,127.96319580078125,127.95531463623047,127.94709777832031,127.94027709960938,127.92620086669922,127.89185333251953,45.0
282,124.17039489746094,128.69937133789062,127.6518325805664,127.34263610839844,127.83059692382812,128.00404357910156,127.96319580078125,127.95531463623047,127.94709777832031,127.94027709960938,127.92620086669922,127.89185333251953,25.0
283,124.17039489746094,128.69937133789062,127.6518325805664,127.34263610839844,127.83059692382812,128.00404357910156,127.96319580078125,127.95531463623047,127.94709777832031,127.94027709960938,127.92620086669922,127.89185333251953,5.0
284,132.77052307128906,134.84164428710938,134.9028778076172,135.07022094726562,134.98550415039062,134.83168029785156,134.78515625,134.75604248046875,134.72962951660156,134.70574951171875,134.66387939453125,134.611328125,150.0
285,132.77052307128906,134.84164428710938,134.9028778076172,135.07022094726562,134.98550415039062,134.83168029785156,134.78515625,134.75604248046875,134.72962951660156,134.70574951171875,134.66387939453125,134.611328125,150.0
286,132.77052307128906,134.84164428710938,134.9028778076172,135.07022094726562,134.98550415039062,134.83168029785156,134.78515625,134.75604248046875,134.72962951660156,134.70574951171875,134.66387939453125,134.611328125,140.0
287,132.77052307128906,134.84164428710938,134.9028778076172,135.07022094726562,134.98550415039062,134.83168029785156,134.78515625,134.75604248046875,134.72962951660156,134.70574951171875,134.66387939453125,134.611328125,120.0
288,132.77052307128906,134.84164428710938,134.9028778076172,135.07022094726562,134.98550415039062,134.83168029785156,134.78515625,134.75604248046875,134.72962951660156,134.70574951171875,134.66387939453125,134.611328125,100.0
289,133.0168914794922,134.84164428710938,134.9028778076172,135.07022094726562,134.98550415039062,134.83168029785156,134.78515625,134.75604248046875,134.72962951660156,134.70574951171875,134.66387939453125,134.611328125,80.0
290,126.79640197753906,130.54550170898438,129.38558959960938,129.05882263183594,127.77554321289062,127.9260482788086,127.89521789550781,127.89022064208984,127.88774871826172,127.8869857788086,127.87852478027344,127.84587097167969,60.0
291,124.91690063476562,128.66969299316406,127.5400390625,127.23284149169922,127.77554321289062,127.9260482788086,127.89521789550781,127.89022064208984,127.88774871826172,127.8869857788086,127.87852478027344,127.84587097167969,40.0
292,124.91690063476562,128.66969299316406,127.5400390625,127.23284149169922,127.77554321289062,127.9260482788086,127.89521789550781,127.89022064208984,127.88774871826172,127.8869857788086,127.87852478027344,127.84587097167969,20.0
293,124.91690063476562,128.66969299316406,127.5400390625,127.23284149169922,127.77554321289062,127.9260482788086,127.89521789550781,127.89022064208984,127.88774871826172,127.8869857788086,127.87852478027344,127.84587097167969,0.0
