,0,1,2,3,4,5,6,7,8
0,98.56819152832031,93.58100891113281,93.47724151611328,93.47711944580078,93.47840881347656,93.47969818115234,93.48099517822266,93.48226928710938,150.0
1,98.56819152832031,93.58100891113281,93.47724151611328,93.47711944580078,93.47840881347656,93.47969818115234,93.48099517822266,93.48226928710938,150.0
2,98.56819152832031,93.58100891113281,93.47724151611328,93.47711944580078,93.47840881347656,93.47969818115234,93.48099517822266,93.48226928710938,132.0
3,98.56819152832031,93.58100891113281,93.47724151611328,93.47711944580078,93.47840881347656,93.47969818115234,93.48099517822266,93.48226928710938,112.0
4,98.56819152832031,93.58100891113281,93.47724151611328,93.47711944580078,93.47840881347656,93.47969818115234,93.48099517822266,93.48226928710938,92.0
5,98.56819152832031,93.58100891113281,93.47724151611328,93.47711944580078,93.47840881347656,93.47969818115234,93.48099517822266,93.48226928710938,72.0
6,98.56819152832031,93.58100891113281,93.47724151611328,93.47711944580078,93.47840881347656,93.47969818115234,93.48099517822266,93.48226928710938,52.0
7,98.56819152832031,93.58100891113281,93.47724151611328,93.47711944580078,93.47840881347656,93.47969818115234,93.48099517822266,93.48226928710938,32.0
8,98.56819152832031,93.58100891113281,93.47724151611328,93.47711944580078,93.47840881347656,93.47969818115234,93.48099517822266,93.48226928710938,12.0
9,98.56819152832031,93.58100891113281,93.47724151611328,93.47711944580078,93.47840881347656,93.47969818115234,93.48099517822266,93.48226928710938,150.0
10,97.62983703613281,92.71957397460938,92.62449645996094,92.62528228759766,92.62732696533203,92.62933349609375,92.63135528564453,92.63338470458984,139.0
11,97.62983703613281,92.71957397460938,92.62449645996094,92.62528228759766,92.62732696533203,92.62933349609375,92.63135528564453,92.63338470458984,119.0
12,97.62983703613281,92.71957397460938,92.62449645996094,92.62528228759766,92.62732696533203,92.62933349609375,92.63135528564453,92.63338470458984,99.0
13,97.62983703613281,92.71957397460938,92.62449645996094,92.62528228759766,92.62732696533203,92.62933349609375,92.63135528564453,92.63338470458984,79.0
14,97.62983703613281,92.71957397460938,92.62449645996094,92.62528228759766,92.62732696533203,92.62933349609375,92.63135528564453,92.63338470458984,59.0
15,97.62983703613281,92.71957397460938,92.62449645996094,92.62528228759766,92.62732696533203,92.62933349609375,92.63135528564453,92.63338470458984,39.0
16,97.62983703613281,92.71957397460938,92.62449645996094,92.62528228759766,92.62732696533203,92.62933349609375,92.63135528564453,92.63338470458984,19.0
17,97.62983703613281,92.71957397460938,92.62449645996094,92.62528228759766,92.62732696533203,92.62933349609375,92.63135528564453,92.63338470458984,150.0
18,97.62983703613281,92.71957397460938,92.62449645996094,92.62528228759766,92.62732696533203,92.62933349609375,92.63135528564453,92.63338470458984,149.0
19,97.62983703613281,92.71957397460938,92.62449645996094,92.62528228759766,92.62732696533203,92.62933349609375,92.63135528564453,92.63338470458984,129.0
20,96.794677734375,92.0052490234375,91.91880798339844,91.9203872680664,91.92300415039062,91.92559814453125,91.92821502685547,91.93082427978516,109.0
21,96.794677734375,92.0052490234375,91.91880798339844,91.9203872680664,91.92300415039062,91.92559814453125,91.92821502685547,91.93082427978516,89.0
22,96.794677734375,92.0052490234375,91.91880798339844,91.9203872680664,91.92300415039062,91.92559814453125,91.92821502685547,91.93082427978516,69.0
23,96.794677734375,92.0052490234375,91.91880798339844,91.9203872680664,91.92300415039062,91.92559814453125,91.92821502685547,91.93082427978516,49.0
24,96.794677734375,92.0052490234375,91.91880798339844,91.9203872680664,91.92300415039062,91.92559814453125,91.92821502685547,91.93082427978516,29.0
25,96.794677734375,92.0052490234375,91.91880798339844,91.9203872680664,91.92300415039062,91.92559814453125,91.92821502685547,91.93082427978516,9.0
26,96.794677734375,92.0052490234375,91.91880798339844,91.9203872680664,91.92300415039062,91.92559814453125,91.92821502685547,91.93082427978516,150.0
27,96.794677734375,92.0052490234375,91.91880798339844,91.9203872680664,91.92300415039062,91.92559814453125,91.92821502685547,91.93082427978516,148.0
28,96.794677734375,92.0052490234375,91.91880798339844,91.9203872680664,91.92300415039062,91.92559814453125,91.92821502685547,91.93082427978516,128.0
29,96.794677734375,92.0052490234375,91.91880798339844,91.9203872680664,91.92300415039062,91.92559814453125,91.92821502685547,91.93082427978516,108.0
30,95.95657348632812,91.33091735839844,91.2531967163086,91.25546264648438,91.25860595703125,91.26173400878906,91.2648696899414,91.26802825927734,88.0
31,95.95657348632812,91.33091735839844,91.2531967163086,91.25546264648438,91.25860595703125,91.26173400878906,91.2648696899414,91.26802825927734,68.0
32,95.95657348632812,91.33091735839844,91.2531967163086,91.25546264648438,91.25860595703125,91.26173400878906,91.2648696899414,91.26802825927734,48.0
33,95.95657348632812,91.33091735839844,91.2531967163086,91.25546264648438,91.25860595703125,91.26173400878906,91.2648696899414,91.26802825927734,28.0
34,95.95657348632812,91.33091735839844,91.2531967163086,91.25546264648438,91.25860595703125,91.26173400878906,91.2648696899414,91.26802825927734,8.0
35,95.95657348632812,91.33091735839844,91.2531967163086,91.25546264648438,91.25860595703125,91.26173400878906,91.2648696899414,91.26802825927734,150.0
36,95.95657348632812,91.33091735839844,91.2531967163086,91.25546264648438,91.25860595703125,91.26173400878906,91.2648696899414,91.26802825927734,150.0
37,95.95657348632812,91.33091735839844,91.2531967163086,91.25546264648438,91.25860595703125,91.26173400878906,91.2648696899414,91.26802825927734,150.0
38,95.95657348632812,91.33091735839844,91.2531967163086,91.25546264648438,91.25860595703125,91.26173400878906,91.2648696899414,91.26802825927734,150.0
39,95.95657348632812,91.33091735839844,91.2531967163086,91.25546264648438,91.25860595703125,91.26173400878906,91.2648696899414,91.26802825927734,150.0
40,95.23936462402344,90.80672454833984,90.73743438720703,90.74024963378906,90.74376678466797,90.74727630615234,90.75078582763672,90.75430297851562,139.0
41,95.23936462402344,90.80672454833984,90.73743438720703,90.74024963378906,90.74376678466797,90.74727630615234,90.75078582763672,90.75430297851562,119.0
42,95.23936462402344,90.80672454833984,90.73743438720703,90.74024963378906,90.74376678466797,90.74727630615234,90.75078582763672,90.75430297851562,99.0
43,95.23936462402344,90.80672454833984,90.73743438720703,90.74024963378906,90.74376678466797,90.74727630615234,90.75078582763672,90.75430297851562,79.0
44,95.23936462402344,90.80672454833984,90.73743438720703,90.74024963378906,90.74376678466797,90.74727630615234,90.75078582763672,90.75430297851562,59.0
45,95.23936462402344,90.80672454833984,90.73743438720703,90.74024963378906,90.74376678466797,90.74727630615234,90.75078582763672,90.75430297851562,130.0
46,95.23936462402344,90.80672454833984,90.73743438720703,90.74024963378906,90.74376678466797,90.74727630615234,90.75078582763672,90.75430297851562,110.0
47,95.23936462402344,90.80672454833984,90.73743438720703,90.74024963378906,90.74376678466797,90.74727630615234,90.75078582763672,90.75430297851562,90.0
48,95.23936462402344,90.80672454833984,90.73743438720703,90.74024963378906,90.74376678466797,90.74727630615234,90.75078582763672,90.75430297851562,70.0
49,95.23936462402344,90.80672454833984,90.73743438720703,90.74024963378906,90.74376678466797,90.74727630615234,90.75078582763672,90.75430297851562,50.0
50,94.58807373046875,90.37477111816406,90.3136978149414,90.31693267822266,90.32070922851562,90.3244857788086,90.3282699584961,90.33206176757812,30.0
51,94.58807373046875,90.37477111816406,90.3136978149414,90.31693267822266,90.32070922851562,90.3244857788086,90.3282699584961,90.33206176757812,10.0
52,94.58807373046875,90.37477111816406,90.3136978149414,90.31693267822266,90.32070922851562,90.3244857788086,90.3282699584961,90.33206176757812,150.0
53,94.58807373046875,90.37477111816406,90.3136978149414,90.31693267822266,90.32070922851562,90.3244857788086,90.3282699584961,90.33206176757812,150.0
54,94.58807373046875,90.37477111816406,90.3136978149414,90.31693267822266,90.32070922851562,90.3244857788086,90.3282699584961,90.33206176757812,141.0
55,94.58807373046875,90.37477111816406,90.3136978149414,90.31693267822266,90.32070922851562,90.3244857788086,90.3282699584961,90.33206176757812,121.0
56,94.58807373046875,90.37477111816406,90.3136978149414,90.31693267822266,90.32070922851562,90.3244857788086,90.3282699584961,90.33206176757812,101.0
57,94.58807373046875,90.37477111816406,90.3136978149414,90.31693267822266,90.32070922851562,90.3244857788086,90.3282699584961,90.33206176757812,81.0
58,94.58807373046875,90.37477111816406,90.3136978149414,90.31693267822266,90.32070922851562,90.3244857788086,90.3282699584961,90.33206176757812,61.0
59,94.58807373046875,90.37477111816406,90.3136978149414,90.31693267822266,90.32070922851562,90.3244857788086,90.3282699584961,90.33206176757812,41.0
60,93.93831634521484,89.96842956542969,89.91537475585938,89.91897583007812,89.9229736328125,89.92696380615234,89.93095397949219,89.93498229980469,21.0
61,93.93831634521484,89.96842956542969,89.91537475585938,89.91897583007812,89.9229736328125,89.92696380615234,89.93095397949219,89.93498229980469,1.0
62,93.93831634521484,89.96842956542969,89.91537475585938,89.91897583007812,89.9229736328125,89.92696380615234,89.93095397949219,89.93498229980469,150.0
63,93.93831634521484,89.96842956542969,89.91537475585938,89.91897583007812,89.9229736328125,89.92696380615234,89.93095397949219,89.93498229980469,150.0
64,93.93831634521484,89.96842956542969,89.91537475585938,89.91897583007812,89.9229736328125,89.92696380615234,89.93095397949219,89.93498229980469,150.0
65,93.93831634521484,89.96842956542969,89.91537475585938,89.91897583007812,89.9229736328125,89.92696380615234,89.93095397949219,89.93498229980469,142.0
66,93.93831634521484,89.96842956542969,89.91537475585938,89.91897583007812,89.9229736328125,89.92696380615234,89.93095397949219,89.93498229980469,122.0
67,93.93831634521484,89.96842956542969,89.91537475585938,89.91897583007812,89.9229736328125,89.92696380615234,89.93095397949219,89.93498229980469,102.0
68,93.93831634521484,89.96842956542969,89.91537475585938,89.91897583007812,89.9229736328125,89.92696380615234,89.93095397949219,89.93498229980469,82.0
69,93.93831634521484,89.96842956542969,89.91537475585938,89.91897583007812,89.9229736328125,89.92696380615234,89.93095397949219,89.93498229980469,62.0
70,93.40181732177734,89.6885986328125,89.64315795898438,89.64697265625,89.65103912353516,89.65512084960938,89.65919494628906,89.6633071899414,42.0
71,93.40181732177734,89.6885986328125,89.64315795898438,89.64697265625,89.65103912353516,89.65512084960938,89.65919494628906,89.6633071899414,22.0
72,93.40181732177734,89.6885986328125,89.64315795898438,89.64697265625,89.65103912353516,89.65512084960938,89.65919494628906,89.6633071899414,150.0
73,93.40181732177734,89.6885986328125,89.64315795898438,89.64697265625,89.65103912353516,89.65512084960938,89.65919494628906,89.6633071899414,150.0
74,93.40181732177734,89.6885986328125,89.64315795898438,89.64697265625,89.65103912353516,89.65512084960938,89.65919494628906,89.6633071899414,150.0
75,93.40181732177734,89.6885986328125,89.64315795898438,89.64697265625,89.65103912353516,89.65512084960938,89.65919494628906,89.6633071899414,150.0
76,93.40181732177734,89.6885986328125,89.64315795898438,89.64697265625,89.65103912353516,89.65512084960938,89.65919494628906,89.6633071899414,140.0
77,93.40181732177734,89.6885986328125,89.64315795898438,89.64697265625,89.65103912353516,89.65512084960938,89.65919494628906,89.6633071899414,120.0
78,93.40181732177734,89.6885986328125,89.64315795898438,89.64697265625,89.65103912353516,89.65512084960938,89.65919494628906,89.6633071899414,100.0
79,93.40181732177734,89.6885986328125,89.64315795898438,89.64697265625,89.65103912353516,89.65512084960938,89.65919494628906,89.6633071899414,80.0
80,93.10421752929688,89.65080261230469,89.61233520507812,89.61613464355469,89.62005615234375,89.62398529052734,89.62792205810547,89.63188171386719,60.0
81,93.10421752929688,89.65080261230469,89.61233520507812,89.61613464355469,89.62005615234375,89.62398529052734,89.62792205810547,89.63188171386719,40.0
82,93.10421752929688,89.65080261230469,89.61233520507812,89.61613464355469,89.62005615234375,89.62398529052734,89.62792205810547,89.63188171386719,150.0
83,93.10421752929688,89.65080261230469,89.61233520507812,89.61613464355469,89.62005615234375,89.62398529052734,89.62792205810547,89.63188171386719,130.0
84,93.10421752929688,89.65080261230469,89.61233520507812,89.61613464355469,89.62005615234375,89.62398529052734,89.62792205810547,89.63188171386719,110.0
85,93.10421752929688,89.65080261230469,89.61233520507812,89.61613464355469,89.62005615234375,89.62398529052734,89.62792205810547,89.63188171386719,90.0
86,93.10421752929688,89.65080261230469,89.61233520507812,89.61613464355469,89.62005615234375,89.62398529052734,89.62792205810547,89.63188171386719,70.0
87,93.10421752929688,89.65080261230469,89.61233520507812,89.61613464355469,89.62005615234375,89.62398529052734,89.62792205810547,89.63188171386719,50.0
88,93.10421752929688,89.65080261230469,89.61233520507812,89.61613464355469,89.62005615234375,89.62398529052734,89.62792205810547,89.63188171386719,30.0
89,93.10421752929688,89.65080261230469,89.61233520507812,89.61613464355469,89.62005615234375,89.62398529052734,89.62792205810547,89.63188171386719,10.0
90,92.63108825683594,89.45541381835938,89.42385864257812,89.42771911621094,89.4316177368164,89.43549346923828,89.43939971923828,89.44332885742188,143.0
91,92.63108825683594,89.45541381835938,89.42385864257812,89.42771911621094,89.4316177368164,89.43549346923828,89.43939971923828,89.44332885742188,123.0
92,92.63108825683594,89.45541381835938,89.42385864257812,89.42771911621094,89.4316177368164,89.43549346923828,89.43939971923828,89.44332885742188,103.0
93,92.63108825683594,89.45541381835938,89.42385864257812,89.42771911621094,89.4316177368164,89.43549346923828,89.43939971923828,89.44332885742188,83.0
94,92.63108825683594,89.45541381835938,89.42385864257812,89.42771911621094,89.4316177368164,89.43549346923828,89.43939971923828,89.44332885742188,63.0
95,92.63108825683594,89.45541381835938,89.42385864257812,89.42771911621094,89.4316177368164,89.43549346923828,89.43939971923828,89.44332885742188,43.0
96,92.63108825683594,89.45541381835938,89.42385864257812,89.42771911621094,89.4316177368164,89.43549346923828,89.43939971923828,89.44332885742188,23.0
97,92.63108825683594,89.45541381835938,89.42385864257812,89.42771911621094,89.4316177368164,89.43549346923828,89.43939971923828,89.44332885742188,3.0
98,92.63108825683594,89.45541381835938,89.42385864257812,89.42771911621094,89.4316177368164,89.43549346923828,89.43939971923828,89.44332885742188,150.0
99,92.63108825683594,89.45541381835938,89.42385864257812,89.42771911621094,89.4316177368164,89.43549346923828,89.43939971923828,89.44332885742188,140.0
100,92.1502685546875,89.25856018066406,89.23355102539062,89.23745727539062,89.24128723144531,89.2451171875,89.24897766113281,89.25285339355469,120.0
101,92.1502685546875,89.25856018066406,89.23355102539062,89.23745727539062,89.24128723144531,89.2451171875,89.24897766113281,89.25285339355469,100.0
102,92.1502685546875,89.25856018066406,89.23355102539062,89.23745727539062,89.24128723144531,89.2451171875,89.24897766113281,89.25285339355469,80.0
103,92.1502685546875,89.25856018066406,89.23355102539062,89.23745727539062,89.24128723144531,89.2451171875,89.24897766113281,89.25285339355469,60.0
104,92.1502685546875,89.25856018066406,89.23355102539062,89.23745727539062,89.24128723144531,89.2451171875,89.24897766113281,89.25285339355469,40.0
105,92.1502685546875,89.25856018066406,89.23355102539062,89.23745727539062,89.24128723144531,89.2451171875,89.24897766113281,89.25285339355469,20.0
106,92.1502685546875,89.25856018066406,89.23355102539062,89.23745727539062,89.24128723144531,89.2451171875,89.24897766113281,89.25285339355469,0.0
107,92.1502685546875,89.25856018066406,89.23355102539062,89.23745727539062,89.24128723144531,89.2451171875,89.24897766113281,89.25285339355469,150.0
108,92.1502685546875,89.25856018066406,89.23355102539062,89.23745727539062,89.24128723144531,89.2451171875,89.24897766113281,89.25285339355469,150.0
109,92.1502685546875,89.25856018066406,89.23355102539062,89.23745727539062,89.24128723144531,89.2451171875,89.24897766113281,89.25285339355469,147.0
110,91.6605453491211,89.05526733398438,89.03642272949219,89.04035949707031,89.04412841796875,89.04788208007812,89.05167388916016,89.05548095703125,127.0
111,91.6605453491211,89.05526733398438,89.03642272949219,89.04035949707031,89.04412841796875,89.04788208007812,89.05167388916016,89.05548095703125,107.0
112,91.6605453491211,89.05526733398438,89.03642272949219,89.04035949707031,89.04412841796875,89.04788208007812,89.05167388916016,89.05548095703125,87.0
113,91.6605453491211,89.05526733398438,89.03642272949219,89.04035949707031,89.04412841796875,89.04788208007812,89.05167388916016,89.05548095703125,67.0
114,91.6605453491211,89.05526733398438,89.03642272949219,89.04035949707031,89.04412841796875,89.04788208007812,89.05167388916016,89.05548095703125,47.0
115,91.6605453491211,89.05526733398438,89.03642272949219,89.04035949707031,89.04412841796875,89.04788208007812,89.05167388916016,89.05548095703125,27.0
116,91.6605453491211,89.05526733398438,89.03642272949219,89.04035949707031,89.04412841796875,89.04788208007812,89.05167388916016,89.05548095703125,7.0
117,91.6605453491211,89.05526733398438,89.03642272949219,89.04035949707031,89.04412841796875,89.04788208007812,89.05167388916016,89.05548095703125,150.0
118,91.6605453491211,89.05526733398438,89.03642272949219,89.04035949707031,89.04412841796875,89.04788208007812,89.05167388916016,89.05548095703125,150.0
119,91.6605453491211,89.05526733398438,89.03642272949219,89.04035949707031,89.04412841796875,89.04788208007812,89.05167388916016,89.05548095703125,149.0
120,91.22235870361328,88.90056610107422,88.88741302490234,88.89130401611328,88.89495849609375,88.89859771728516,88.90225219726562,88.90595245361328,129.0
121,91.22235870361328,88.90056610107422,88.88741302490234,88.89130401611328,88.89495849609375,88.89859771728516,88.90225219726562,88.90595245361328,109.0
122,91.22235870361328,88.90056610107422,88.88741302490234,88.89130401611328,88.89495849609375,88.89859771728516,88.90225219726562,88.90595245361328,89.0
123,91.22235870361328,88.90056610107422,88.88741302490234,88.89130401611328,88.89495849609375,88.89859771728516,88.90225219726562,88.90595245361328,69.0
124,91.22235870361328,88.90056610107422,88.88741302490234,88.89130401611328,88.89495849609375,88.89859771728516,88.90225219726562,88.90595245361328,49.0
125,91.22235870361328,88.90056610107422,88.88741302490234,88.89130401611328,88.89495849609375,88.89859771728516,88.90225219726562,88.90595245361328,29.0
126,91.22235870361328,88.90056610107422,88.88741302490234,88.89130401611328,88.89495849609375,88.89859771728516,88.90225219726562,88.90595245361328,9.0
127,91.22235870361328,88.90056610107422,88.88741302490234,88.89130401611328,88.89495849609375,88.89859771728516,88.90225219726562,88.90595245361328,150.0
128,91.22235870361328,88.90056610107422,88.88741302490234,88.89130401611328,88.89495849609375,88.89859771728516,88.90225219726562,88.90595245361328,150.0
129,91.22235870361328,88.90056610107422,88.88741302490234,88.89130401611328,88.89495849609375,88.89859771728516,88.90225219726562,88.90595245361328,135.0
130,90.83492279052734,88.79104614257812,88.78313446044922,88.78691864013672,88.79039001464844,88.79386138916016,88.79735565185547,88.80087280273438,115.0
131,90.83492279052734,88.79104614257812,88.78313446044922,88.78691864013672,88.79039001464844,88.79386138916016,88.79735565185547,88.80087280273438,95.0
132,90.83492279052734,88.79104614257812,88.78313446044922,88.78691864013672,88.79039001464844,88.79386138916016,88.79735565185547,88.80087280273438,75.0
133,90.83492279052734,88.79104614257812,88.78313446044922,88.78691864013672,88.79039001464844,88.79386138916016,88.79735565185547,88.80087280273438,55.0
134,90.83492279052734,88.79104614257812,88.78313446044922,88.78691864013672,88.79039001464844,88.79386138916016,88.79735565185547,88.80087280273438,35.0
135,90.83492279052734,88.79104614257812,88.78313446044922,88.78691864013672,88.79039001464844,88.79386138916016,88.79735565185547,88.80087280273438,15.0
136,90.83492279052734,88.79104614257812,88.78313446044922,88.78691864013672,88.79039001464844,88.79386138916016,88.79735565185547,88.80087280273438,138.0
137,90.83492279052734,88.79104614257812,88.78313446044922,88.78691864013672,88.79039001464844,88.79386138916016,88.79735565185547,88.80087280273438,118.0
138,90.83492279052734,88.79104614257812,88.78313446044922,88.78691864013672,88.79039001464844,88.79386138916016,88.79735565185547,88.80087280273438,98.0
139,90.83492279052734,88.79104614257812,88.78313446044922,88.78691864013672,88.79039001464844,88.79386138916016,88.79735565185547,88.80087280273438,78.0
140,90.39635467529297,88.62517547607422,88.62210083007812,88.62580108642578,88.62915802001953,88.63249206542969,88.63585662841797,88.63924407958984,58.0
141,90.39635467529297,88.62517547607422,88.62210083007812,88.62580108642578,88.62915802001953,88.63249206542969,88.63585662841797,88.63924407958984,38.0
142,90.39635467529297,88.62517547607422,88.62210083007812,88.62580108642578,88.62915802001953,88.63249206542969,88.63585662841797,88.63924407958984,18.0
143,90.39635467529297,88.62517547607422,88.62210083007812,88.62580108642578,88.62915802001953,88.63249206542969,88.63585662841797,88.63924407958984,150.0
144,90.39635467529297,88.62517547607422,88.62210083007812,88.62580108642578,88.62915802001953,88.63249206542969,88.63585662841797,88.63924407958984,150.0
145,90.39635467529297,88.62517547607422,88.62210083007812,88.62580108642578,88.62915802001953,88.63249206542969,88.63585662841797,88.63924407958984,135.0
146,90.39635467529297,88.62517547607422,88.62210083007812,88.62580108642578,88.62915802001953,88.63249206542969,88.63585662841797,88.63924407958984,115.0
147,90.39635467529297,88.62517547607422,88.62210083007812,88.62580108642578,88.62915802001953,88.63249206542969,88.63585662841797,88.63924407958984,95.0
148,90.39635467529297,88.62517547607422,88.62210083007812,88.62580108642578,88.62915802001953,88.63249206542969,88.63585662841797,88.63924407958984,75.0
149,90.39635467529297,88.62517547607422,88.62210083007812,88.62580108642578,88.62915802001953,88.63249206542969,88.63585662841797,88.63924407958984,55.0
150,89.98689270019531,88.47876739501953,88.4800796508789,88.48368835449219,88.48687744140625,88.49005126953125,88.49325561523438,88.4964828491211,35.0
151,89.98689270019531,88.47876739501953,88.4800796508789,88.48368835449219,88.48687744140625,88.49005126953125,88.49325561523438,88.4964828491211,15.0
152,89.98689270019531,88.47876739501953,88.4800796508789,88.48368835449219,88.48687744140625,88.49005126953125,88.49325561523438,88.4964828491211,150.0
153,89.98689270019531,88.47876739501953,88.4800796508789,88.48368835449219,88.48687744140625,88.49005126953125,88.49325561523438,88.4964828491211,150.0
154,89.98689270019531,88.47876739501953,88.4800796508789,88.48368835449219,88.48687744140625,88.49005126953125,88.49325561523438,88.4964828491211,142.0
155,89.98689270019531,88.47876739501953,88.4800796508789,88.48368835449219,88.48687744140625,88.49005126953125,88.49325561523438,88.4964828491211,122.0
156,89.98689270019531,88.47876739501953,88.4800796508789,88.48368835449219,88.48687744140625,88.49005126953125,88.49325561523438,88.4964828491211,102.0
157,89.98689270019531,88.47876739501953,88.4800796508789,88.48368835449219,88.48687744140625,88.49005126953125,88.49325561523438,88.4964828491211,82.0
158,89.98689270019531,88.47876739501953,88.4800796508789,88.48368835449219,88.48687744140625,88.49005126953125,88.49325561523438,88.4964828491211,62.0
159,89.98689270019531,88.47876739501953,88.4800796508789,88.48368835449219,88.48687744140625,88.49005126953125,88.49325561523438,88.4964828491211,42.0
160,89.621337890625,88.36458587646484,88.36981964111328,88.3732681274414,88.37627410888672,88.37926483154297,88.38227844238281,88.38533020019531,22.0
161,89.621337890625,88.36458587646484,88.36981964111328,88.3732681274414,88.37627410888672,88.37926483154297,88.38227844238281,88.38533020019531,2.0
162,89.621337890625,88.36458587646484,88.36981964111328,88.3732681274414,88.37627410888672,88.37926483154297,88.38227844238281,88.38533020019531,148.0
163,89.621337890625,88.36458587646484,88.36981964111328,88.3732681274414,88.37627410888672,88.37926483154297,88.38227844238281,88.38533020019531,128.0
164,89.621337890625,88.36458587646484,88.36981964111328,88.3732681274414,88.37627410888672,88.37926483154297,88.38227844238281,88.38533020019531,108.0
165,89.621337890625,88.36458587646484,88.36981964111328,88.3732681274414,88.37627410888672,88.37926483154297,88.38227844238281,88.38533020019531,88.0
166,89.621337890625,88.36458587646484,88.36981964111328,88.3732681274414,88.37627410888672,88.37926483154297,88.38227844238281,88.38533020019531,68.0
167,89.621337890625,88.36458587646484,88.36981964111328,88.3732681274414,88.37627410888672,88.37926483154297,88.38227844238281,88.38533020019531,48.0
168,89.621337890625,88.36458587646484,88.36981964111328,88.3732681274414,88.37627410888672,88.37926483154297,88.38227844238281,88.38533020019531,28.0
169,89.621337890625,88.36458587646484,88.36981964111328,88.3732681274414,88.37627410888672,88.37926483154297,88.38227844238281,88.38533020019531,8.0
170,89.03683471679688,88.02247619628906,88.03136444091797,88.03485107421875,88.0378646850586,88.04086303710938,88.04389190673828,88.04694366455078,127.0
171,89.03683471679688,88.02247619628906,88.03136444091797,88.03485107421875,88.0378646850586,88.04086303710938,88.04389190673828,88.04694366455078,107.0
172,89.03683471679688,88.02247619628906,88.03136444091797,88.03485107421875,88.0378646850586,88.04086303710938,88.04389190673828,88.04694366455078,87.0
173,89.03683471679688,88.02247619628906,88.03136444091797,88.03485107421875,88.0378646850586,88.04086303710938,88.04389190673828,88.04694366455078,67.0
174,89.03683471679688,88.02247619628906,88.03136444091797,88.03485107421875,88.0378646850586,88.04086303710938,88.04389190673828,88.04694366455078,47.0
175,89.03683471679688,88.02247619628906,88.03136444091797,88.03485107421875,88.0378646850586,88.04086303710938,88.04389190673828,88.04694366455078,27.0
176,89.03683471679688,88.02247619628906,88.03136444091797,88.03485107421875,88.0378646850586,88.04086303710938,88.04389190673828,88.04694366455078,7.0
177,89.03683471679688,88.02247619628906,88.03136444091797,88.03485107421875,88.0378646850586,88.04086303710938,88.04389190673828,88.04694366455078,150.0
178,89.03683471679688,88.02247619628906,88.03136444091797,88.03485107421875,88.0378646850586,88.04086303710938,88.04389190673828,88.04694366455078,150.0
179,89.03683471679688,88.02247619628906,88.03136444091797,88.03485107421875,88.0378646850586,88.04086303710938,88.04389190673828,88.04694366455078,150.0
180,88.54179382324219,87.75431823730469,87.76636505126953,87.76980590820312,87.77276611328125,87.77572631835938,87.7786865234375,87.78168487548828,150.0
181,88.54179382324219,87.75431823730469,87.76636505126953,87.76980590820312,87.77276611328125,87.77572631835938,87.7786865234375,87.78168487548828,130.0
182,88.54179382324219,87.75431823730469,87.76636505126953,87.76980590820312,87.77276611328125,87.77572631835938,87.7786865234375,87.78168487548828,110.0
183,88.54179382324219,87.75431823730469,87.76636505126953,87.76980590820312,87.77276611328125,87.77572631835938,87.7786865234375,87.78168487548828,90.0
184,88.54179382324219,87.75431823730469,87.76636505126953,87.76980590820312,87.77276611328125,87.77572631835938,87.7786865234375,87.78168487548828,70.0
185,88.54179382324219,87.75431823730469,87.76636505126953,87.76980590820312,87.77276611328125,87.77572631835938,87.7786865234375,87.78168487548828,50.0
186,88.54179382324219,87.75431823730469,87.76636505126953,87.76980590820312,87.77276611328125,87.77572631835938,87.7786865234375,87.78168487548828,30.0
187,88.54179382324219,87.75431823730469,87.76636505126953,87.76980590820312,87.77276611328125,87.77572631835938,87.7786865234375,87.78168487548828,150.0
188,88.54179382324219,87.75431823730469,87.76636505126953,87.76980590820312,87.77276611328125,87.77572631835938,87.7786865234375,87.78168487548828,150.0
189,88.54179382324219,87.75431823730469,87.76636505126953,87.76980590820312,87.77276611328125,87.77572631835938,87.7786865234375,87.78168487548828,139.0
190,88.28478240966797,87.7065658569336,87.72117614746094,87.72439575195312,87.72709655761719,87.72981262207031,87.7325210571289,87.73528289794922,119.0
191,88.28478240966797,87.7065658569336,87.72117614746094,87.72439575195312,87.72709655761719,87.72981262207031,87.7325210571289,87.73528289794922,99.0
192,88.28478240966797,87.7065658569336,87.72117614746094,87.72439575195312,87.72709655761719,87.72981262207031,87.7325210571289,87.73528289794922,79.0
193,88.28478240966797,87.7065658569336,87.72117614746094,87.72439575195312,87.72709655761719,87.72981262207031,87.7325210571289,87.73528289794922,59.0
194,88.28478240966797,87.7065658569336,87.72117614746094,87.72439575195312,87.72709655761719,87.72981262207031,87.7325210571289,87.73528289794922,39.0
195,88.28478240966797,87.7065658569336,87.72117614746094,87.72439575195312,87.72709655761719,87.72981262207031,87.7325210571289,87.73528289794922,19.0
196,88.28478240966797,87.7065658569336,87.72117614746094,87.72439575195312,87.72709655761719,87.72981262207031,87.7325210571289,87.73528289794922,136.0
197,88.28478240966797,87.7065658569336,87.72117614746094,87.72439575195312,87.72709655761719,87.72981262207031,87.7325210571289,87.73528289794922,116.0
198,88.28478240966797,87.7065658569336,87.72117614746094,87.72439575195312,87.72709655761719,87.72981262207031,87.7325210571289,87.73528289794922,96.0
199,88.28478240966797,87.7065658569336,87.72117614746094,87.72439575195312,87.72709655761719,87.72981262207031,87.7325210571289,87.73528289794922,76.0
200,88.00813293457031,87.6241455078125,87.64096069335938,87.64395904541016,87.64645385742188,87.6489486694336,87.65145111083984,87.65397644042969,56.0
201,88.00813293457031,87.6241455078125,87.64096069335938,87.64395904541016,87.64645385742188,87.6489486694336,87.65145111083984,87.65397644042969,36.0
202,88.00813293457031,87.6241455078125,87.64096069335938,87.64395904541016,87.64645385742188,87.6489486694336,87.65145111083984,87.65397644042969,16.0
203,88.00813293457031,87.6241455078125,87.64096069335938,87.64395904541016,87.64645385742188,87.6489486694336,87.65145111083984,87.65397644042969,145.0
204,88.00813293457031,87.6241455078125,87.64096069335938,87.64395904541016,87.64645385742188,87.6489486694336,87.65145111083984,87.65397644042969,125.0
205,88.00813293457031,87.6241455078125,87.64096069335938,87.64395904541016,87.64645385742188,87.6489486694336,87.65145111083984,87.65397644042969,105.0
206,88.00813293457031,87.6241455078125,87.64096069335938,87.64395904541016,87.64645385742188,87.6489486694336,87.65145111083984,87.65397644042969,85.0
207,88.00813293457031,87.6241455078125,87.64096069335938,87.64395904541016,87.64645385742188,87.6489486694336,87.65145111083984,87.65397644042969,65.0
208,88.00813293457031,87.6241455078125,87.64096069335938,87.64395904541016,87.64645385742188,87.6489486694336,87.65145111083984,87.65397644042969,45.0
209,88.00813293457031,87.6241455078125,87.64096069335938,87.64395904541016,87.64645385742188,87.6489486694336,87.65145111083984,87.65397644042969,25.0
210,87.58016204833984,87.37542724609375,87.39415740966797,87.39710998535156,87.39952087402344,87.40196228027344,87.40438842773438,87.40685272216797,5.0
211,87.58016204833984,87.37542724609375,87.39415740966797,87.39710998535156,87.39952087402344,87.40196228027344,87.40438842773438,87.40685272216797,143.0
212,87.58016204833984,87.37542724609375,87.39415740966797,87.39710998535156,87.39952087402344,87.40196228027344,87.40438842773438,87.40685272216797,123.0
213,87.58016204833984,87.37542724609375,87.39415740966797,87.39710998535156,87.39952087402344,87.40196228027344,87.40438842773438,87.40685272216797,103.0
214,87.58016204833984,87.37542724609375,87.39415740966797,87.39710998535156,87.39952087402344,87.40196228027344,87.40438842773438,87.40685272216797,83.0
215,87.58016204833984,87.37542724609375,87.39415740966797,87.39710998535156,87.39952087402344,87.40196228027344,87.40438842773438,87.40685272216797,63.0
216,87.58016204833984,87.37542724609375,87.39415740966797,87.39710998535156,87.39952087402344,87.40196228027344,87.40438842773438,87.40685272216797,43.0
217,87.58016204833984,87.37542724609375,87.39415740966797,87.39710998535156,87.39952087402344,87.40196228027344,87.40438842773438,87.40685272216797,23.0
218,87.58016204833984,87.37542724609375,87.39415740966797,87.39710998535156,87.39952087402344,87.40196228027344,87.40438842773438,87.40685272216797,3.0
219,87.58016204833984,87.37542724609375,87.39415740966797,87.39710998535156,87.39952087402344,87.40196228027344,87.40438842773438,87.40685272216797,150.0
220,87.05821990966797,87.01661682128906,87.03695678710938,87.03995513916016,87.04241180419922,87.04487609863281,87.04735565185547,87.04986572265625,150.0
221,87.05821990966797,87.01661682128906,87.03695678710938,87.03995513916016,87.04241180419922,87.04487609863281,87.04735565185547,87.04986572265625,134.0
222,87.05821990966797,87.01661682128906,87.03695678710938,87.03995513916016,87.04241180419922,87.04487609863281,87.04735565185547,87.04986572265625,114.0
223,87.05821990966797,87.01661682128906,87.03695678710938,87.03995513916016,87.04241180419922,87.04487609863281,87.04735565185547,87.04986572265625,94.0
224,87.05821990966797,87.01661682128906,87.03695678710938,87.03995513916016,87.04241180419922,87.04487609863281,87.04735565185547,87.04986572265625,74.0
225,87.05821990966797,87.01661682128906,87.03695678710938,87.03995513916016,87.04241180419922,87.04487609863281,87.04735565185547,87.04986572265625,54.0
226,87.05821990966797,87.01661682128906,87.03695678710938,87.03995513916016,87.04241180419922,87.04487609863281,87.04735565185547,87.04986572265625,34.0
227,87.05821990966797,87.01661682128906,87.03695678710938,87.03995513916016,87.04241180419922,87.04487609863281,87.04735565185547,87.04986572265625,14.0
228,87.05821990966797,87.01661682128906,87.03695678710938,87.03995513916016,87.04241180419922,87.04487609863281,87.04735565185547,87.04986572265625,150.0
229,87.05821990966797,87.01661682128906,87.03695678710938,87.03995513916016,87.04241180419922,87.04487609863281,87.04735565185547,87.04986572265625,150.0
230,86.68730926513672,86.79208374023438,86.8136215209961,86.8165283203125,86.81890106201172,86.82129669189453,86.82369995117188,86.82612609863281,150.0
231,86.68730926513672,86.79208374023438,86.8136215209961,86.8165283203125,86.81890106201172,86.82129669189453,86.82369995117188,86.82612609863281,150.0
232,86.68730926513672,86.79208374023438,86.8136215209961,86.8165283203125,86.81890106201172,86.82129669189453,86.82369995117188,86.82612609863281,134.0
233,86.68730926513672,86.79208374023438,86.8136215209961,86.8165283203125,86.81890106201172,86.82129669189453,86.82369995117188,86.82612609863281,114.0
234,86.68730926513672,86.79208374023438,86.8136215209961,86.8165283203125,86.81890106201172,86.82129669189453,86.82369995117188,86.82612609863281,94.0
235,86.68730926513672,86.79208374023438,86.8136215209961,86.8165283203125,86.81890106201172,86.82129669189453,86.82369995117188,86.82612609863281,74.0
236,86.68730926513672,86.79208374023438,86.8136215209961,86.8165283203125,86.81890106201172,86.82129669189453,86.82369995117188,86.82612609863281,54.0
237,86.68730926513672,86.79208374023438,86.8136215209961,86.8165283203125,86.81890106201172,86.82129669189453,86.82369995117188,86.82612609863281,34.0
238,86.68730926513672,86.79208374023438,86.8136215209961,86.8165283203125,86.81890106201172,86.82129669189453,86.82369995117188,86.82612609863281,150.0
239,86.68730926513672,86.79208374023438,86.8136215209961,86.8165283203125,86.81890106201172,86.82129669189453,86.82369995117188,86.82612609863281,150.0
240,86.5906753540039,86.82582092285156,86.84806823730469,86.85065460205078,86.85273742675781,86.85482788085938,86.85691833496094,86.85905456542969,131.0
241,86.5906753540039,86.82582092285156,86.84806823730469,86.85065460205078,86.85273742675781,86.85482788085938,86.85691833496094,86.85905456542969,111.0
242,86.5906753540039,86.82582092285156,86.84806823730469,86.85065460205078,86.85273742675781,86.85482788085938,86.85691833496094,86.85905456542969,91.0
243,86.5906753540039,86.82582092285156,86.84806823730469,86.85065460205078,86.85273742675781,86.85482788085938,86.85691833496094,86.85905456542969,71.0
244,86.5906753540039,86.82582092285156,86.84806823730469,86.85065460205078,86.85273742675781,86.85482788085938,86.85691833496094,86.85905456542969,51.0
245,86.5906753540039,86.82582092285156,86.84806823730469,86.85065460205078,86.85273742675781,86.85482788085938,86.85691833496094,86.85905456542969,31.0
246,86.5906753540039,86.82582092285156,86.84806823730469,86.85065460205078,86.85273742675781,86.85482788085938,86.85691833496094,86.85905456542969,11.0
247,86.5906753540039,86.82582092285156,86.84806823730469,86.85065460205078,86.85273742675781,86.85482788085938,86.85691833496094,86.85905456542969,150.0
248,86.5906753540039,86.82582092285156,86.84806823730469,86.85065460205078,86.85273742675781,86.85482788085938,86.85691833496094,86.85905456542969,150.0
249,86.5906753540039,86.82582092285156,86.84806823730469,86.85065460205078,86.85273742675781,86.85482788085938,86.85691833496094,86.85905456542969,140.0
250,86.57457733154297,86.92491149902344,86.94752502441406,86.94974517822266,86.95146942138672,86.95320129394531,86.95494842529297,86.95670318603516,120.0
251,86.57457733154297,86.92491149902344,86.94752502441406,86.94974517822266,86.95146942138672,86.95320129394531,86.95494842529297,86.95670318603516,100.0
252,86.57457733154297,86.92491149902344,86.94752502441406,86.94974517822266,86.95146942138672,86.95320129394531,86.95494842529297,86.95670318603516,80.0
253,86.57457733154297,86.92491149902344,86.94752502441406,86.94974517822266,86.95146942138672,86.95320129394531,86.95494842529297,86.95670318603516,60.0
254,86.57457733154297,86.92491149902344,86.94752502441406,86.94974517822266,86.95146942138672,86.95320129394531,86.95494842529297,86.95670318603516,40.0
255,86.57457733154297,86.92491149902344,86.94752502441406,86.94974517822266,86.95146942138672,86.95320129394531,86.95494842529297,86.95670318603516,20.0
256,86.57457733154297,86.92491149902344,86.94752502441406,86.94974517822266,86.95146942138672,86.95320129394531,86.95494842529297,86.95670318603516,0.0
257,86.57457733154297,86.92491149902344,86.94752502441406,86.94974517822266,86.95146942138672,86.95320129394531,86.95494842529297,86.95670318603516,150.0
258,86.57457733154297,86.92491149902344,86.94752502441406,86.94974517822266,86.95146942138672,86.95320129394531,86.95494842529297,86.95670318603516,150.0
259,86.57457733154297,86.92491149902344,86.94752502441406,86.94974517822266,86.95146942138672,86.95320129394531,86.95494842529297,86.95670318603516,135.0
260,86.54936218261719,86.99990844726562,87.02264404296875,87.02452850341797,87.02593231201172,87.02733612060547,87.02875518798828,87.03018951416016,115.0
261,86.54936218261719,86.99990844726562,87.02264404296875,87.02452850341797,87.02593231201172,87.02733612060547,87.02875518798828,87.03018951416016,95.0
262,86.54936218261719,86.99990844726562,87.02264404296875,87.02452850341797,87.02593231201172,87.02733612060547,87.02875518798828,87.03018951416016,75.0
263,86.54936218261719,86.99990844726562,87.02264404296875,87.02452850341797,87.02593231201172,87.02733612060547,87.02875518798828,87.03018951416016,55.0
264,86.54936218261719,86.99990844726562,87.02264404296875,87.02452850341797,87.02593231201172,87.02733612060547,87.02875518798828,87.03018951416016,35.0
265,86.54936218261719,86.99990844726562,87.02264404296875,87.02452850341797,87.02593231201172,87.02733612060547,87.02875518798828,87.03018951416016,15.0
266,86.54936218261719,86.99990844726562,87.02264404296875,87.02452850341797,87.02593231201172,87.02733612060547,87.02875518798828,87.03018951416016,150.0
267,86.54936218261719,86.99990844726562,87.02264404296875,87.02452850341797,87.02593231201172,87.02733612060547,87.02875518798828,87.03018951416016,141.0
268,86.54936218261719,86.99990844726562,87.02264404296875,87.02452850341797,87.02593231201172,87.02733612060547,87.02875518798828,87.03018951416016,121.0
269,86.54936218261719,86.99990844726562,87.02264404296875,87.02452850341797,87.02593231201172,87.02733612060547,87.02875518798828,87.03018951416016,101.0
270,86.5640869140625,87.10057067871094,87.12316131591797,87.12469482421875,87.1257553100586,87.1268310546875,87.12789916992188,87.12899780273438,81.0
271,86.5640869140625,87.10057067871094,87.12316131591797,87.12469482421875,87.1257553100586,87.1268310546875,87.12789916992188,87.12899780273438,61.0
272,86.5640869140625,87.10057067871094,87.12316131591797,87.12469482421875,87.1257553100586,87.1268310546875,87.12789916992188,87.12899780273438,41.0
273,86.5640869140625,87.10057067871094,87.12316131591797,87.12469482421875,87.1257553100586,87.1268310546875,87.12789916992188,87.12899780273438,21.0
274,86.5640869140625,87.10057067871094,87.12316131591797,87.12469482421875,87.1257553100586,87.1268310546875,87.12789916992188,87.12899780273438,1.0
275,86.5640869140625,87.10057067871094,87.12316131591797,87.12469482421875,87.1257553100586,87.1268310546875,87.12789916992188,87.12899780273438,138.0
276,86.5640869140625,87.10057067871094,87.12316131591797,87.12469482421875,87.1257553100586,87.1268310546875,87.12789916992188,87.12899780273438,118.0
277,86.5640869140625,87.10057067871094,87.12316131591797,87.12469482421875,87.1257553100586,87.1268310546875,87.12789916992188,87.12899780273438,98.0
278,86.5640869140625,87.10057067871094,87.12316131591797,87.12469482421875,87.1257553100586,87.1268310546875,87.12789916992188,87.12899780273438,78.0
279,86.5640869140625,87.10057067871094,87.12316131591797,87.12469482421875,87.1257553100586,87.1268310546875,87.12789916992188,87.12899780273438,58.0
280,86.40715026855469,87.01458740234375,87.03694152832031,87.03827667236328,87.03919982910156,87.04012298583984,87.0410385131836,87.04198455810547,38.0
281,86.40715026855469,87.01458740234375,87.03694152832031,87.03827667236328,87.03919982910156,87.04012298583984,87.0410385131836,87.04198455810547,18.0
282,86.40715026855469,87.01458740234375,87.03694152832031,87.03827667236328,87.03919982910156,87.04012298583984,87.0410385131836,87.04198455810547,150.0
283,86.40715026855469,87.01458740234375,87.03694152832031,87.03827667236328,87.03919982910156,87.04012298583984,87.0410385131836,87.04198455810547,130.0
284,86.40715026855469,87.01458740234375,87.03694152832031,87.03827667236328,87.03919982910156,87.04012298583984,87.0410385131836,87.04198455810547,110.0
285,86.40715026855469,87.01458740234375,87.03694152832031,87.03827667236328,87.03919982910156,87.04012298583984,87.0410385131836,87.04198455810547,90.0
286,86.40715026855469,87.01458740234375,87.03694152832031,87.03827667236328,87.03919982910156,87.04012298583984,87.0410385131836,87.04198455810547,70.0
287,86.40715026855469,87.01458740234375,87.03694152832031,87.03827667236328,87.03919982910156,87.04012298583984,87.0410385131836,87.04198455810547,50.0
288,86.40715026855469,87.01458740234375,87.03694152832031,87.03827667236328,87.03919982910156,87.04012298583984,87.0410385131836,87.04198455810547,30.0
289,86.40715026855469,87.01458740234375,87.03694152832031,87.03827667236328,87.03919982910156,87.04012298583984,87.0410385131836,87.04198455810547,10.0
290,86.09893798828125,86.76284790039062,86.78486633300781,86.78619384765625,86.78711700439453,86.78805541992188,86.78899383544922,86.78994750976562,150.0
291,86.09893798828125,86.76284790039062,86.78486633300781,86.78619384765625,86.78711700439453,86.78805541992188,86.78899383544922,86.78994750976562,150.0
292,86.09893798828125,86.76284790039062,86.78486633300781,86.78619384765625,86.78711700439453,86.78805541992188,86.78899383544922,86.78994750976562,134.0
293,86.09893798828125,86.76284790039062,86.78486633300781,86.78619384765625,86.78711700439453,86.78805541992188,86.78899383544922,86.78994750976562,114.0
294,86.09893798828125,86.76284790039062,86.78486633300781,86.78619384765625,86.78711700439453,86.78805541992188,86.78899383544922,86.78994750976562,94.0
295,86.09893798828125,86.76284790039062,86.78486633300781,86.78619384765625,86.78711700439453,86.78805541992188,86.78899383544922,86.78994750976562,74.0
296,86.09893798828125,86.76284790039062,86.78486633300781,86.78619384765625,86.78711700439453,86.78805541992188,86.78899383544922,86.78994750976562,54.0
297,86.09893798828125,86.76284790039062,86.78486633300781,86.78619384765625,86.78711700439453,86.78805541992188,86.78899383544922,86.78994750976562,34.0
298,86.09893798828125,86.76284790039062,86.78486633300781,86.78619384765625,86.78711700439453,86.78805541992188,86.78899383544922,86.78994750976562,14.0
299,86.09893798828125,86.76284790039062,86.78486633300781,86.78619384765625,86.78711700439453,86.78805541992188,86.78899383544922,86.78994750976562,108.0
300,85.8863525390625,86.59481811523438,86.61627960205078,86.61752319335938,86.61839294433594,86.61927795410156,86.62016296386719,86.62107849121094,88.0
301,85.8863525390625,86.59481811523438,86.61627960205078,86.61752319335938,86.61839294433594,86.61927795410156,86.62016296386719,86.62107849121094,68.0
302,85.8863525390625,86.59481811523438,86.61627960205078,86.61752319335938,86.61839294433594,86.61927795410156,86.62016296386719,86.62107849121094,48.0
303,85.8863525390625,86.59481811523438,86.61627960205078,86.61752319335938,86.61839294433594,86.61927795410156,86.62016296386719,86.62107849121094,28.0
304,85.8863525390625,86.59481811523438,86.61627960205078,86.61752319335938,86.61839294433594,86.61927795410156,86.62016296386719,86.62107849121094,8.0
305,85.8863525390625,86.59481811523438,86.61627960205078,86.61752319335938,86.61839294433594,86.61927795410156,86.62016296386719,86.62107849121094,150.0
306,85.8863525390625,86.59481811523438,86.61627960205078,86.61752319335938,86.61839294433594,86.61927795410156,86.62016296386719,86.62107849121094,148.0
307,85.8863525390625,86.59481811523438,86.61627960205078,86.61752319335938,86.61839294433594,86.61927795410156,86.62016296386719,86.62107849121094,128.0
308,85.8863525390625,86.59481811523438,86.61627960205078,86.61752319335938,86.61839294433594,86.61927795410156,86.62016296386719,86.62107849121094,108.0
309,85.8863525390625,86.59481811523438,86.61627960205078,86.61752319335938,86.61839294433594,86.61927795410156,86.62016296386719,86.62107849121094,88.0
310,85.69831085205078,86.43974304199219,86.46047973632812,86.4616470336914,86.46247100830078,86.46330261230469,86.46414947509766,86.46499633789062,68.0
311,85.69831085205078,86.43974304199219,86.46047973632812,86.4616470336914,86.46247100830078,86.46330261230469,86.46414947509766,86.46499633789062,48.0
312,85.69831085205078,86.43974304199219,86.46047973632812,86.4616470336914,86.46247100830078,86.46330261230469,86.46414947509766,86.46499633789062,28.0
313,85.69831085205078,86.43974304199219,86.46047973632812,86.4616470336914,86.46247100830078,86.46330261230469,86.46414947509766,86.46499633789062,8.0
314,85.69831085205078,86.43974304199219,86.46047973632812,86.4616470336914,86.46247100830078,86.46330261230469,86.46414947509766,86.46499633789062,150.0
315,85.69831085205078,86.43974304199219,86.46047973632812,86.4616470336914,86.46247100830078,86.46330261230469,86.46414947509766,86.46499633789062,150.0
316,85.69831085205078,86.43974304199219,86.46047973632812,86.4616470336914,86.46247100830078,86.46330261230469,86.46414947509766,86.46499633789062,150.0
317,85.69831085205078,86.43974304199219,86.46047973632812,86.4616470336914,86.46247100830078,86.46330261230469,86.46414947509766,86.46499633789062,136.0
318,85.69831085205078,86.43974304199219,86.46047973632812,86.4616470336914,86.46247100830078,86.46330261230469,86.46414947509766,86.46499633789062,116.0
319,85.69831085205078,86.43974304199219,86.46047973632812,86.4616470336914,86.46247100830078,86.46330261230469,86.46414947509766,86.46499633789062,96.0
320,85.6209945678711,86.38546752929688,86.40531921386719,86.40631866455078,86.40701293945312,86.40771484375,86.40841674804688,86.40914154052734,76.0
321,85.6209945678711,86.38546752929688,86.40531921386719,86.40631866455078,86.40701293945312,86.40771484375,86.40841674804688,86.40914154052734,56.0
322,85.6209945678711,86.38546752929688,86.40531921386719,86.40631866455078,86.40701293945312,86.40771484375,86.40841674804688,86.40914154052734,36.0
323,85.6209945678711,86.38546752929688,86.40531921386719,86.40631866455078,86.40701293945312,86.40771484375,86.40841674804688,86.40914154052734,16.0
324,85.6209945678711,86.38546752929688,86.40531921386719,86.40631866455078,86.40701293945312,86.40771484375,86.40841674804688,86.40914154052734,150.0
325,85.6209945678711,86.38546752929688,86.40531921386719,86.40631866455078,86.40701293945312,86.40771484375,86.40841674804688,86.40914154052734,150.0
326,85.6209945678711,86.38546752929688,86.40531921386719,86.40631866455078,86.40701293945312,86.40771484375,86.40841674804688,86.40914154052734,136.0
327,85.6209945678711,86.38546752929688,86.40531921386719,86.40631866455078,86.40701293945312,86.40771484375,86.40841674804688,86.40914154052734,116.0
328,85.6209945678711,86.38546752929688,86.40531921386719,86.40631866455078,86.40701293945312,86.40771484375,86.40841674804688,86.40914154052734,96.0
329,85.6209945678711,86.38546752929688,86.40531921386719,86.40631866455078,86.40701293945312,86.40771484375,86.40841674804688,86.40914154052734,76.0
330,85.60250854492188,86.38057708740234,86.3993911743164,86.40019226074219,86.40071868896484,86.40126037597656,86.40179443359375,86.40235900878906,56.0
331,85.60250854492188,86.38057708740234,86.3993911743164,86.40019226074219,86.40071868896484,86.40126037597656,86.40179443359375,86.40235900878906,36.0
332,85.60250854492188,86.38057708740234,86.3993911743164,86.40019226074219,86.40071868896484,86.40126037597656,86.40179443359375,86.40235900878906,16.0
333,85.60250854492188,86.38057708740234,86.3993911743164,86.40019226074219,86.40071868896484,86.40126037597656,86.40179443359375,86.40235900878906,150.0
334,85.60250854492188,86.38057708740234,86.3993911743164,86.40019226074219,86.40071868896484,86.40126037597656,86.40179443359375,86.40235900878906,150.0
335,85.60250854492188,86.38057708740234,86.3993911743164,86.40019226074219,86.40071868896484,86.40126037597656,86.40179443359375,86.40235900878906,147.0
336,85.60250854492188,86.38057708740234,86.3993911743164,86.40019226074219,86.40071868896484,86.40126037597656,86.40179443359375,86.40235900878906,127.0
337,85.60250854492188,86.38057708740234,86.3993911743164,86.40019226074219,86.40071868896484,86.40126037597656,86.40179443359375,86.40235900878906,107.0
338,85.60250854492188,86.38057708740234,86.3993911743164,86.40019226074219,86.40071868896484,86.40126037597656,86.40179443359375,86.40235900878906,87.0
339,85.60250854492188,86.38057708740234,86.3993911743164,86.40019226074219,86.40071868896484,86.40126037597656,86.40179443359375,86.40235900878906,67.0
340,85.67173767089844,86.4551010131836,86.47272491455078,86.47327423095703,86.47357940673828,86.47388458251953,86.47418975830078,86.47453308105469,47.0
341,85.67173767089844,86.4551010131836,86.47272491455078,86.47327423095703,86.47357940673828,86.47388458251953,86.47418975830078,86.47453308105469,27.0
342,85.67173767089844,86.4551010131836,86.47272491455078,86.47327423095703,86.47357940673828,86.47388458251953,86.47418975830078,86.47453308105469,7.0
343,85.67173767089844,86.4551010131836,86.47272491455078,86.47327423095703,86.47357940673828,86.47388458251953,86.47418975830078,86.47453308105469,150.0
344,85.67173767089844,86.4551010131836,86.47272491455078,86.47327423095703,86.47357940673828,86.47388458251953,86.47418975830078,86.47453308105469,150.0
345,85.67173767089844,86.4551010131836,86.47272491455078,86.47327423095703,86.47357940673828,86.47388458251953,86.47418975830078,86.47453308105469,132.0
346,85.67173767089844,86.4551010131836,86.47272491455078,86.47327423095703,86.47357940673828,86.47388458251953,86.47418975830078,86.47453308105469,112.0
347,85.67173767089844,86.4551010131836,86.47272491455078,86.47327423095703,86.47357940673828,86.47388458251953,86.47418975830078,86.47453308105469,92.0
348,85.67173767089844,86.4551010131836,86.47272491455078,86.47327423095703,86.47357940673828,86.47388458251953,86.47418975830078,86.47453308105469,72.0
349,85.67173767089844,86.4551010131836,86.47272491455078,86.47327423095703,86.47357940673828,86.47388458251953,86.47418975830078,86.47453308105469,52.0
350,85.71856689453125,86.49871826171875,86.51512908935547,86.51545715332031,86.51557922363281,86.51570129394531,86.51582336425781,86.5159683227539,32.0
351,85.71856689453125,86.49871826171875,86.51512908935547,86.51545715332031,86.51557922363281,86.51570129394531,86.51582336425781,86.5159683227539,12.0
352,85.71856689453125,86.49871826171875,86.51512908935547,86.51545715332031,86.51557922363281,86.51570129394531,86.51582336425781,86.5159683227539,138.0
353,85.71856689453125,86.49871826171875,86.51512908935547,86.51545715332031,86.51557922363281,86.51570129394531,86.51582336425781,86.5159683227539,118.0
354,85.71856689453125,86.49871826171875,86.51512908935547,86.51545715332031,86.51557922363281,86.51570129394531,86.51582336425781,86.5159683227539,98.0
355,85.71856689453125,86.49871826171875,86.51512908935547,86.51545715332031,86.51557922363281,86.51570129394531,86.51582336425781,86.5159683227539,78.0
356,85.71856689453125,86.49871826171875,86.51512908935547,86.51545715332031,86.51557922363281,86.51570129394531,86.51582336425781,86.5159683227539,58.0
357,85.71856689453125,86.49871826171875,86.51512908935547,86.51545715332031,86.51557922363281,86.51570129394531,86.51582336425781,86.5159683227539,38.0
358,85.71856689453125,86.49871826171875,86.51512908935547,86.51545715332031,86.51557922363281,86.51570129394531,86.51582336425781,86.5159683227539,18.0
359,85.71856689453125,86.49871826171875,86.51512908935547,86.51545715332031,86.51557922363281,86.51570129394531,86.51582336425781,86.5159683227539,150.0
360,85.64479064941406,86.41320037841797,86.42842864990234,86.4286880493164,86.42876434326172,86.4288330078125,86.42890167236328,86.42899322509766,150.0
361,85.64479064941406,86.41320037841797,86.42842864990234,86.4286880493164,86.42876434326172,86.4288330078125,86.42890167236328,86.42899322509766,150.0
362,85.64479064941406,86.41320037841797,86.42842864990234,86.4286880493164,86.42876434326172,86.4288330078125,86.42890167236328,86.42899322509766,150.0
363,85.64479064941406,86.41320037841797,86.42842864990234,86.4286880493164,86.42876434326172,86.4288330078125,86.42890167236328,86.42899322509766,150.0
364,85.64479064941406,86.41320037841797,86.42842864990234,86.4286880493164,86.42876434326172,86.4288330078125,86.42890167236328,86.42899322509766,136.0
365,85.64479064941406,86.41320037841797,86.42842864990234,86.4286880493164,86.42876434326172,86.4288330078125,86.42890167236328,86.42899322509766,116.0
366,85.64479064941406,86.41320037841797,86.42842864990234,86.4286880493164,86.42876434326172,86.4288330078125,86.42890167236328,86.42899322509766,96.0
367,85.64479064941406,86.41320037841797,86.42842864990234,86.4286880493164,86.42876434326172,86.4288330078125,86.42890167236328,86.42899322509766,76.0
368,85.64479064941406,86.41320037841797,86.42842864990234,86.4286880493164,86.42876434326172,86.4288330078125,86.42890167236328,86.42899322509766,56.0
369,85.64479064941406,86.41320037841797,86.42842864990234,86.4286880493164,86.42876434326172,86.4288330078125,86.42890167236328,86.42899322509766,150.0
370,85.94754791259766,86.70110321044922,86.71485900878906,86.71470642089844,86.71438598632812,86.71406555175781,86.7137451171875,86.71345520019531,150.0
371,85.94754791259766,86.70110321044922,86.71485900878906,86.71470642089844,86.71438598632812,86.71406555175781,86.7137451171875,86.71345520019531,150.0
372,85.94754791259766,86.70110321044922,86.71485900878906,86.71470642089844,86.71438598632812,86.71406555175781,86.7137451171875,86.71345520019531,134.0
373,85.94754791259766,86.70110321044922,86.71485900878906,86.71470642089844,86.71438598632812,86.71406555175781,86.7137451171875,86.71345520019531,114.0
374,85.94754791259766,86.70110321044922,86.71485900878906,86.71470642089844,86.71438598632812,86.71406555175781,86.7137451171875,86.71345520019531,94.0
375,85.94754791259766,86.70110321044922,86.71485900878906,86.71470642089844,86.71438598632812,86.71406555175781,86.7137451171875,86.71345520019531,74.0
376,85.94754791259766,86.70110321044922,86.71485900878906,86.71470642089844,86.71438598632812,86.71406555175781,86.7137451171875,86.71345520019531,54.0
377,85.94754791259766,86.70110321044922,86.71485900878906,86.71470642089844,86.71438598632812,86.71406555175781,86.7137451171875,86.71345520019531,34.0
378,85.94754791259766,86.70110321044922,86.71485900878906,86.71470642089844,86.71438598632812,86.71406555175781,86.7137451171875,86.71345520019531,14.0
379,85.94754791259766,86.70110321044922,86.71485900878906,86.71470642089844,86.71438598632812,86.71406555175781,86.7137451171875,86.71345520019531,150.0
380,86.32848358154297,87.06201171875,87.07421875,87.07360076904297,87.07284545898438,87.07208251953125,87.07133483886719,87.0705795288086,150.0
381,86.32848358154297,87.06201171875,87.07421875,87.07360076904297,87.07284545898438,87.07208251953125,87.07133483886719,87.0705795288086,150.0
382,86.32848358154297,87.06201171875,87.07421875,87.07360076904297,87.07284545898438,87.07208251953125,87.07133483886719,87.0705795288086,135.0
383,86.32848358154297,87.06201171875,87.07421875,87.07360076904297,87.07284545898438,87.07208251953125,87.07133483886719,87.0705795288086,115.0
384,86.32848358154297,87.06201171875,87.07421875,87.07360076904297,87.07284545898438,87.07208251953125,87.07133483886719,87.0705795288086,95.0
385,86.32848358154297,87.06201171875,87.07421875,87.07360076904297,87.07284545898438,87.07208251953125,87.07133483886719,87.0705795288086,75.0
386,86.32848358154297,87.06201171875,87.07421875,87.07360076904297,87.07284545898438,87.07208251953125,87.07133483886719,87.0705795288086,55.0
387,86.32848358154297,87.06201171875,87.07421875,87.07360076904297,87.07284545898438,87.07208251953125,87.07133483886719,87.0705795288086,35.0
388,86.32848358154297,87.06201171875,87.07421875,87.07360076904297,87.07284545898438,87.07208251953125,87.07133483886719,87.0705795288086,15.0
389,86.32848358154297,87.06201171875,87.07421875,87.07360076904297,87.07284545898438,87.07208251953125,87.07133483886719,87.0705795288086,150.0
390,86.78392791748047,87.49288940429688,87.50350952148438,87.50238800048828,87.50114440917969,87.49988555908203,87.49864959716797,87.49739837646484,150.0
391,86.78392791748047,87.49288940429688,87.50350952148438,87.50238800048828,87.50114440917969,87.49988555908203,87.49864959716797,87.49739837646484,138.0
392,86.78392791748047,87.49288940429688,87.50350952148438,87.50238800048828,87.50114440917969,87.49988555908203,87.49864959716797,87.49739837646484,118.0
393,86.78392791748047,87.49288940429688,87.50350952148438,87.50238800048828,87.50114440917969,87.49988555908203,87.49864959716797,87.49739837646484,98.0
394,86.78392791748047,87.49288940429688,87.50350952148438,87.50238800048828,87.50114440917969,87.49988555908203,87.49864959716797,87.49739837646484,78.0
395,86.78392791748047,87.49288940429688,87.50350952148438,87.50238800048828,87.50114440917969,87.49988555908203,87.49864959716797,87.49739837646484,58.0
396,86.78392791748047,87.49288940429688,87.50350952148438,87.50238800048828,87.50114440917969,87.49988555908203,87.49864959716797,87.49739837646484,38.0
397,86.78392791748047,87.49288940429688,87.50350952148438,87.50238800048828,87.50114440917969,87.49988555908203,87.49864959716797,87.49739837646484,18.0
398,86.78392791748047,87.49288940429688,87.50350952148438,87.50238800048828,87.50114440917969,87.49988555908203,87.49864959716797,87.49739837646484,150.0
399,86.78392791748047,87.49288940429688,87.50350952148438,87.50238800048828,87.50114440917969,87.49988555908203,87.49864959716797,87.49739837646484,150.0
400,87.3240966796875,88.00469207763672,88.0136489868164,88.01197052001953,88.01019287109375,88.0083999633789,88.00660705566406,88.00481414794922,150.0
401,87.3240966796875,88.00469207763672,88.0136489868164,88.01197052001953,88.01019287109375,88.0083999633789,88.00660705566406,88.00481414794922,133.0
402,87.3240966796875,88.00469207763672,88.0136489868164,88.01197052001953,88.01019287109375,88.0083999633789,88.00660705566406,88.00481414794922,113.0
403,87.3240966796875,88.00469207763672,88.0136489868164,88.01197052001953,88.01019287109375,88.0083999633789,88.00660705566406,88.00481414794922,93.0
404,87.3240966796875,88.00469207763672,88.0136489868164,88.01197052001953,88.01019287109375,88.0083999633789,88.00660705566406,88.00481414794922,73.0
405,87.3240966796875,88.00469207763672,88.0136489868164,88.01197052001953,88.01019287109375,88.0083999633789,88.00660705566406,88.00481414794922,53.0
406,87.3240966796875,88.00469207763672,88.0136489868164,88.01197052001953,88.01019287109375,88.0083999633789,88.00660705566406,88.00481414794922,33.0
407,87.3240966796875,88.00469207763672,88.0136489868164,88.01197052001953,88.01019287109375,88.0083999633789,88.00660705566406,88.00481414794922,13.0
408,87.3240966796875,88.00469207763672,88.0136489868164,88.01197052001953,88.01019287109375,88.0083999633789,88.00660705566406,88.00481414794922,150.0
409,87.3240966796875,88.00469207763672,88.0136489868164,88.01197052001953,88.01019287109375,88.0083999633789,88.00660705566406,88.00481414794922,150.0
410,87.90110778808594,88.54971313476562,88.55702209472656,88.55477905273438,88.55244445800781,88.55010986328125,88.54776763916016,88.5454330444336,150.0
411,87.90110778808594,88.54971313476562,88.55702209472656,88.55477905273438,88.55244445800781,88.55010986328125,88.54776763916016,88.5454330444336,133.0
412,87.90110778808594,88.54971313476562,88.55702209472656,88.55477905273438,88.55244445800781,88.55010986328125,88.54776763916016,88.5454330444336,113.0
413,87.90110778808594,88.54971313476562,88.55702209472656,88.55477905273438,88.55244445800781,88.55010986328125,88.54776763916016,88.5454330444336,93.0
414,87.90110778808594,88.54971313476562,88.55702209472656,88.55477905273438,88.55244445800781,88.55010986328125,88.54776763916016,88.5454330444336,73.0
415,87.90110778808594,88.54971313476562,88.55702209472656,88.55477905273438,88.55244445800781,88.55010986328125,88.54776763916016,88.5454330444336,53.0
416,87.90110778808594,88.54971313476562,88.55702209472656,88.55477905273438,88.55244445800781,88.55010986328125,88.54776763916016,88.5454330444336,33.0
417,87.90110778808594,88.54971313476562,88.55702209472656,88.55477905273438,88.55244445800781,88.55010986328125,88.54776763916016,88.5454330444336,13.0
418,87.90110778808594,88.54971313476562,88.55702209472656,88.55477905273438,88.55244445800781,88.55010986328125,88.54776763916016,88.5454330444336,150.0
419,87.90110778808594,88.54971313476562,88.55702209472656,88.55477905273438,88.55244445800781,88.55010986328125,88.54776763916016,88.5454330444336,150.0
420,88.50635528564453,89.11988830566406,89.12555694580078,89.12276458740234,89.11988830566406,89.11701202392578,89.11412048339844,89.11122131347656,135.0
421,88.50635528564453,89.11988830566406,89.12555694580078,89.12276458740234,89.11988830566406,89.11701202392578,89.11412048339844,89.11122131347656,115.0
422,88.50635528564453,89.11988830566406,89.12555694580078,89.12276458740234,89.11988830566406,89.11701202392578,89.11412048339844,89.11122131347656,95.0
423,88.50635528564453,89.11988830566406,89.12555694580078,89.12276458740234,89.11988830566406,89.11701202392578,89.11412048339844,89.11122131347656,75.0
424,88.50635528564453,89.11988830566406,89.12555694580078,89.12276458740234,89.11988830566406,89.11701202392578,89.11412048339844,89.11122131347656,55.0
425,88.50635528564453,89.11988830566406,89.12555694580078,89.12276458740234,89.11988830566406,89.11701202392578,89.11412048339844,89.11122131347656,35.0
426,88.50635528564453,89.11988830566406,89.12555694580078,89.12276458740234,89.11988830566406,89.11701202392578,89.11412048339844,89.11122131347656,15.0
427,88.50635528564453,89.11988830566406,89.12555694580078,89.12276458740234,89.11988830566406,89.11701202392578,89.11412048339844,89.11122131347656,150.0
428,88.50635528564453,89.11988830566406,89.12555694580078,89.12276458740234,89.11988830566406,89.11701202392578,89.11412048339844,89.11122131347656,150.0
429,88.50635528564453,89.11988830566406,89.12555694580078,89.12276458740234,89.11988830566406,89.11701202392578,89.11412048339844,89.11122131347656,150.0
430,89.1460952758789,89.72206115722656,89.72613525390625,89.7227783203125,89.71936798095703,89.7159423828125,89.71250915527344,89.70906066894531,150.0
431,89.1460952758789,89.72206115722656,89.72613525390625,89.7227783203125,89.71936798095703,89.7159423828125,89.71250915527344,89.70906066894531,150.0
432,89.1460952758789,89.72206115722656,89.72613525390625,89.7227783203125,89.71936798095703,89.7159423828125,89.71250915527344,89.70906066894531,137.0
433,89.1460952758789,89.72206115722656,89.72613525390625,89.7227783203125,89.71936798095703,89.7159423828125,89.71250915527344,89.70906066894531,117.0
434,89.1460952758789,89.72206115722656,89.72613525390625,89.7227783203125,89.71936798095703,89.7159423828125,89.71250915527344,89.70906066894531,97.0
435,89.1460952758789,89.72206115722656,89.72613525390625,89.7227783203125,89.71936798095703,89.7159423828125,89.71250915527344,89.70906066894531,77.0
436,89.1460952758789,89.72206115722656,89.72613525390625,89.7227783203125,89.71936798095703,89.7159423828125,89.71250915527344,89.70906066894531,57.0
437,89.1460952758789,89.72206115722656,89.72613525390625,89.7227783203125,89.71936798095703,89.7159423828125,89.71250915527344,89.70906066894531,150.0
438,89.1460952758789,89.72206115722656,89.72613525390625,89.7227783203125,89.71936798095703,89.7159423828125,89.71250915527344,89.70906066894531,150.0
439,89.1460952758789,89.72206115722656,89.72613525390625,89.7227783203125,89.71936798095703,89.7159423828125,89.71250915527344,89.70906066894531,133.0
440,90.06312561035156,90.6011734008789,90.60346984863281,90.59934997558594,90.59518432617188,90.59098815917969,90.58677673339844,90.58256530761719,113.0
441,90.06312561035156,90.6011734008789,90.60346984863281,90.59934997558594,90.59518432617188,90.59098815917969,90.58677673339844,90.58256530761719,93.0
442,90.06312561035156,90.6011734008789,90.60346984863281,90.59934997558594,90.59518432617188,90.59098815917969,90.58677673339844,90.58256530761719,73.0
443,90.06312561035156,90.6011734008789,90.60346984863281,90.59934997558594,90.59518432617188,90.59098815917969,90.58677673339844,90.58256530761719,53.0
444,90.06312561035156,90.6011734008789,90.60346984863281,90.59934997558594,90.59518432617188,90.59098815917969,90.58677673339844,90.58256530761719,33.0
445,90.06312561035156,90.6011734008789,90.60346984863281,90.59934997558594,90.59518432617188,90.59098815917969,90.58677673339844,90.58256530761719,13.0
446,90.06312561035156,90.6011734008789,90.60346984863281,90.59934997558594,90.59518432617188,90.59098815917969,90.58677673339844,90.58256530761719,117.0
447,90.06312561035156,90.6011734008789,90.60346984863281,90.59934997558594,90.59518432617188,90.59098815917969,90.58677673339844,90.58256530761719,97.0
448,90.06312561035156,90.6011734008789,90.60346984863281,90.59934997558594,90.59518432617188,90.59098815917969,90.58677673339844,90.58256530761719,77.0
449,90.06312561035156,90.6011734008789,90.60346984863281,90.59934997558594,90.59518432617188,90.59098815917969,90.58677673339844,90.58256530761719,57.0
450,90.70936584472656,91.20614624023438,91.20697021484375,91.20235443115234,91.19772338867188,91.19305419921875,91.18838500976562,91.18367767333984,37.0
451,90.70936584472656,91.20614624023438,91.20697021484375,91.20235443115234,91.19772338867188,91.19305419921875,91.18838500976562,91.18367767333984,17.0
452,90.70936584472656,91.20614624023438,91.20697021484375,91.20235443115234,91.19772338867188,91.19305419921875,91.18838500976562,91.18367767333984,127.0
453,90.70936584472656,91.20614624023438,91.20697021484375,91.20235443115234,91.19772338867188,91.19305419921875,91.18838500976562,91.18367767333984,107.0
454,90.70936584472656,91.20614624023438,91.20697021484375,91.20235443115234,91.19772338867188,91.19305419921875,91.18838500976562,91.18367767333984,87.0
455,90.70936584472656,91.20614624023438,91.20697021484375,91.20235443115234,91.19772338867188,91.19305419921875,91.18838500976562,91.18367767333984,67.0
456,90.70936584472656,91.20614624023438,91.20697021484375,91.20235443115234,91.19772338867188,91.19305419921875,91.18838500976562,91.18367767333984,47.0
457,90.70936584472656,91.20614624023438,91.20697021484375,91.20235443115234,91.19772338867188,91.19305419921875,91.18838500976562,91.18367767333984,27.0
458,90.70936584472656,91.20614624023438,91.20697021484375,91.20235443115234,91.19772338867188,91.19305419921875,91.18838500976562,91.18367767333984,7.0
459,90.70936584472656,91.20614624023438,91.20697021484375,91.20235443115234,91.19772338867188,91.19305419921875,91.18838500976562,91.18367767333984,150.0
460,91.04522705078125,91.4980239868164,91.49771118164062,91.4929428100586,91.48817443847656,91.48336791992188,91.47856140136719,91.47371673583984,150.0
461,91.04522705078125,91.4980239868164,91.49771118164062,91.4929428100586,91.48817443847656,91.48336791992188,91.47856140136719,91.47371673583984,150.0
462,91.04522705078125,91.4980239868164,91.49771118164062,91.4929428100586,91.48817443847656,91.48336791992188,91.47856140136719,91.47371673583984,150.0
463,91.04522705078125,91.4980239868164,91.49771118164062,91.4929428100586,91.48817443847656,91.48336791992188,91.47856140136719,91.47371673583984,131.0
464,91.04522705078125,91.4980239868164,91.49771118164062,91.4929428100586,91.48817443847656,91.48336791992188,91.47856140136719,91.47371673583984,111.0
465,91.04522705078125,91.4980239868164,91.49771118164062,91.4929428100586,91.48817443847656,91.48336791992188,91.47856140136719,91.47371673583984,91.0
466,91.04522705078125,91.4980239868164,91.49771118164062,91.4929428100586,91.48817443847656,91.48336791992188,91.47856140136719,91.47371673583984,71.0
467,91.04522705078125,91.4980239868164,91.49771118164062,91.4929428100586,91.48817443847656,91.48336791992188,91.47856140136719,91.47371673583984,51.0
468,91.04522705078125,91.4980239868164,91.49771118164062,91.4929428100586,91.48817443847656,91.48336791992188,91.47856140136719,91.47371673583984,31.0
469,91.04522705078125,91.4980239868164,91.49771118164062,91.4929428100586,91.48817443847656,91.48336791992188,91.47856140136719,91.47371673583984,150.0
470,91.53472137451172,91.94378662109375,91.94229888916016,91.9372787475586,91.93226623535156,91.92721557617188,91.92216491699219,91.91706848144531,132.0
471,91.53472137451172,91.94378662109375,91.94229888916016,91.9372787475586,91.93226623535156,91.92721557617188,91.92216491699219,91.91706848144531,112.0
472,91.53472137451172,91.94378662109375,91.94229888916016,91.9372787475586,91.93226623535156,91.92721557617188,91.92216491699219,91.91706848144531,92.0
473,91.53472137451172,91.94378662109375,91.94229888916016,91.9372787475586,91.93226623535156,91.92721557617188,91.92216491699219,91.91706848144531,72.0
474,91.53472137451172,91.94378662109375,91.94229888916016,91.9372787475586,91.93226623535156,91.92721557617188,91.92216491699219,91.91706848144531,52.0
475,91.53472137451172,91.94378662109375,91.94229888916016,91.9372787475586,91.93226623535156,91.92721557617188,91.92216491699219,91.91706848144531,32.0
476,91.53472137451172,91.94378662109375,91.94229888916016,91.9372787475586,91.93226623535156,91.92721557617188,91.92216491699219,91.91706848144531,12.0
477,91.53472137451172,91.94378662109375,91.94229888916016,91.9372787475586,91.93226623535156,91.92721557617188,91.92216491699219,91.91706848144531,150.0
478,91.53472137451172,91.94378662109375,91.94229888916016,91.9372787475586,91.93226623535156,91.92721557617188,91.92216491699219,91.91706848144531,145.0
479,91.53472137451172,91.94378662109375,91.94229888916016,91.9372787475586,91.93226623535156,91.92721557617188,91.92216491699219,91.91706848144531,125.0
480,91.98603057861328,92.35112762451172,92.34861755371094,92.34341430664062,92.33821868896484,92.3330078125,92.32777404785156,92.32252502441406,105.0
481,91.98603057861328,92.35112762451172,92.34861755371094,92.34341430664062,92.33821868896484,92.3330078125,92.32777404785156,92.32252502441406,85.0
482,91.98603057861328,92.35112762451172,92.34861755371094,92.34341430664062,92.33821868896484,92.3330078125,92.32777404785156,92.32252502441406,65.0
483,91.98603057861328,92.35112762451172,92.34861755371094,92.34341430664062,92.33821868896484,92.3330078125,92.32777404785156,92.32252502441406,45.0
484,91.98603057861328,92.35112762451172,92.34861755371094,92.34341430664062,92.33821868896484,92.3330078125,92.32777404785156,92.32252502441406,25.0
485,91.98603057861328,92.35112762451172,92.34861755371094,92.34341430664062,92.33821868896484,92.3330078125,92.32777404785156,92.32252502441406,5.0
486,91.98603057861328,92.35112762451172,92.34861755371094,92.34341430664062,92.33821868896484,92.3330078125,92.32777404785156,92.32252502441406,150.0
487,91.98603057861328,92.35112762451172,92.34861755371094,92.34341430664062,92.33821868896484,92.3330078125,92.32777404785156,92.32252502441406,140.0
488,91.98603057861328,92.35112762451172,92.34861755371094,92.34341430664062,92.33821868896484,92.3330078125,92.32777404785156,92.32252502441406,120.0
489,91.98603057861328,92.35112762451172,92.34861755371094,92.34341430664062,92.33821868896484,92.3330078125,92.32777404785156,92.32252502441406,100.0
490,92.30751037597656,92.62859344482422,92.62522888183594,92.62001037597656,92.61480712890625,92.60958099365234,92.60433197021484,92.59905242919922,80.0
491,92.30751037597656,92.62859344482422,92.62522888183594,92.62001037597656,92.61480712890625,92.60958099365234,92.60433197021484,92.59905242919922,60.0
492,92.30751037597656,92.62859344482422,92.62522888183594,92.62001037597656,92.61480712890625,92.60958099365234,92.60433197021484,92.59905242919922,40.0
493,92.30751037597656,92.62859344482422,92.62522888183594,92.62001037597656,92.61480712890625,92.60958099365234,92.60433197021484,92.59905242919922,20.0
494,92.30751037597656,92.62859344482422,92.62522888183594,92.62001037597656,92.61480712890625,92.60958099365234,92.60433197021484,92.59905242919922,0.0
495,92.30751037597656,92.62859344482422,92.62522888183594,92.62001037597656,92.61480712890625,92.60958099365234,92.60433197021484,92.59905242919922,150.0
496,92.30751037597656,92.62859344482422,92.62522888183594,92.62001037597656,92.61480712890625,92.60958099365234,92.60433197021484,92.59905242919922,134.0
497,92.30751037597656,92.62859344482422,92.62522888183594,92.62001037597656,92.61480712890625,92.60958099365234,92.60433197021484,92.59905242919922,114.0
498,92.30751037597656,92.62859344482422,92.62522888183594,92.62001037597656,92.61480712890625,92.60958099365234,92.60433197021484,92.59905242919922,94.0
499,92.30751037597656,92.62859344482422,92.62522888183594,92.62001037597656,92.61480712890625,92.60958099365234,92.60433197021484,92.59905242919922,74.0
500,92.42781829833984,92.70519256591797,92.70126342773438,92.69623565673828,92.69123077392578,92.68620300292969,92.68116760253906,92.67607879638672,54.0
501,92.42781829833984,92.70519256591797,92.70126342773438,92.69623565673828,92.69123077392578,92.68620300292969,92.68116760253906,92.67607879638672,34.0
502,92.42781829833984,92.70519256591797,92.70126342773438,92.69623565673828,92.69123077392578,92.68620300292969,92.68116760253906,92.67607879638672,14.0
503,92.42781829833984,92.70519256591797,92.70126342773438,92.69623565673828,92.69123077392578,92.68620300292969,92.68116760253906,92.67607879638672,150.0
504,92.42781829833984,92.70519256591797,92.70126342773438,92.69623565673828,92.69123077392578,92.68620300292969,92.68116760253906,92.67607879638672,150.0
505,92.42781829833984,92.70519256591797,92.70126342773438,92.69623565673828,92.69123077392578,92.68620300292969,92.68116760253906,92.67607879638672,150.0
506,92.42781829833984,92.70519256591797,92.70126342773438,92.69623565673828,92.69123077392578,92.68620300292969,92.68116760253906,92.67607879638672,150.0
507,92.42781829833984,92.70519256591797,92.70126342773438,92.69623565673828,92.69123077392578,92.68620300292969,92.68116760253906,92.67607879638672,150.0
508,92.42781829833984,92.70519256591797,92.70126342773438,92.69623565673828,92.69123077392578,92.68620300292969,92.68116760253906,92.67607879638672,150.0
509,92.42781829833984,92.70519256591797,92.70126342773438,92.69623565673828,92.69123077392578,92.68620300292969,92.68116760253906,92.67607879638672,143.0
510,92.77481079101562,93.01033782958984,93.0057373046875,93.0007095336914,92.99574279785156,92.99073791503906,92.98571014404297,92.98065185546875,123.0
511,92.77481079101562,93.01033782958984,93.0057373046875,93.0007095336914,92.99574279785156,92.99073791503906,92.98571014404297,92.98065185546875,103.0
512,92.77481079101562,93.01033782958984,93.0057373046875,93.0007095336914,92.99574279785156,92.99073791503906,92.98571014404297,92.98065185546875,83.0
513,92.77481079101562,93.01033782958984,93.0057373046875,93.0007095336914,92.99574279785156,92.99073791503906,92.98571014404297,92.98065185546875,133.0
514,92.77481079101562,93.01033782958984,93.0057373046875,93.0007095336914,92.99574279785156,92.99073791503906,92.98571014404297,92.98065185546875,113.0
515,92.77481079101562,93.01033782958984,93.0057373046875,93.0007095336914,92.99574279785156,92.99073791503906,92.98571014404297,92.98065185546875,93.0
516,92.77481079101562,93.01033782958984,93.0057373046875,93.0007095336914,92.99574279785156,92.99073791503906,92.98571014404297,92.98065185546875,73.0
517,92.77481079101562,93.01033782958984,93.0057373046875,93.0007095336914,92.99574279785156,92.99073791503906,92.98571014404297,92.98065185546875,53.0
518,92.77481079101562,93.01033782958984,93.0057373046875,93.0007095336914,92.99574279785156,92.99073791503906,92.98571014404297,92.98065185546875,33.0
519,92.77481079101562,93.01033782958984,93.0057373046875,93.0007095336914,92.99574279785156,92.99073791503906,92.98571014404297,92.98065185546875,13.0
520,92.97078704833984,93.16571807861328,93.16065216064453,93.15581512451172,93.1510238647461,93.14619445800781,93.141357421875,93.136474609375,150.0
521,92.97078704833984,93.16571807861328,93.16065216064453,93.15581512451172,93.1510238647461,93.14619445800781,93.141357421875,93.136474609375,150.0
522,92.97078704833984,93.16571807861328,93.16065216064453,93.15581512451172,93.1510238647461,93.14619445800781,93.141357421875,93.136474609375,139.0
523,92.97078704833984,93.16571807861328,93.16065216064453,93.15581512451172,93.1510238647461,93.14619445800781,93.141357421875,93.136474609375,119.0
524,92.97078704833984,93.16571807861328,93.16065216064453,93.15581512451172,93.1510238647461,93.14619445800781,93.141357421875,93.136474609375,99.0
525,92.97078704833984,93.16571807861328,93.16065216064453,93.15581512451172,93.1510238647461,93.14619445800781,93.141357421875,93.136474609375,79.0
526,92.97078704833984,93.16571807861328,93.16065216064453,93.15581512451172,93.1510238647461,93.14619445800781,93.141357421875,93.136474609375,59.0
527,92.97078704833984,93.16571807861328,93.16065216064453,93.15581512451172,93.1510238647461,93.14619445800781,93.141357421875,93.136474609375,39.0
528,92.97078704833984,93.16571807861328,93.16065216064453,93.15581512451172,93.1510238647461,93.14619445800781,93.141357421875,93.136474609375,19.0
529,92.97078704833984,93.16571807861328,93.16065216064453,93.15581512451172,93.1510238647461,93.14619445800781,93.141357421875,93.136474609375,117.0
530,93.19132232666016,93.34756469726562,93.34210968017578,93.33744812011719,93.33283233642578,93.32818603515625,93.32353210449219,93.31883239746094,97.0
531,93.19132232666016,93.34756469726562,93.34210968017578,93.33744812011719,93.33283233642578,93.32818603515625,93.32353210449219,93.31883239746094,77.0
532,93.19132232666016,93.34756469726562,93.34210968017578,93.33744812011719,93.33283233642578,93.32818603515625,93.32353210449219,93.31883239746094,57.0
533,93.19132232666016,93.34756469726562,93.34210968017578,93.33744812011719,93.33283233642578,93.32818603515625,93.32353210449219,93.31883239746094,37.0
534,93.19132232666016,93.34756469726562,93.34210968017578,93.33744812011719,93.33283233642578,93.32818603515625,93.32353210449219,93.31883239746094,17.0
535,93.19132232666016,93.34756469726562,93.34210968017578,93.33744812011719,93.33283233642578,93.32818603515625,93.32353210449219,93.31883239746094,150.0
536,93.19132232666016,93.34756469726562,93.34210968017578,93.33744812011719,93.33283233642578,93.32818603515625,93.32353210449219,93.31883239746094,150.0
537,93.19132232666016,93.34756469726562,93.34210968017578,93.33744812011719,93.33283233642578,93.32818603515625,93.32353210449219,93.31883239746094,148.0
538,93.19132232666016,93.34756469726562,93.34210968017578,93.33744812011719,93.33283233642578,93.32818603515625,93.32353210449219,93.31883239746094,128.0
539,93.19132232666016,93.34756469726562,93.34210968017578,93.33744812011719,93.33283233642578,93.32818603515625,93.32353210449219,93.31883239746094,108.0
540,93.43069458007812,93.55033874511719,93.5445556640625,93.5400619506836,93.53562927246094,93.53115844726562,93.52667999267578,93.52214813232422,88.0
541,93.43069458007812,93.55033874511719,93.5445556640625,93.5400619506836,93.53562927246094,93.53115844726562,93.52667999267578,93.52214813232422,68.0
542,93.43069458007812,93.55033874511719,93.5445556640625,93.5400619506836,93.53562927246094,93.53115844726562,93.52667999267578,93.52214813232422,48.0
543,93.43069458007812,93.55033874511719,93.5445556640625,93.5400619506836,93.53562927246094,93.53115844726562,93.52667999267578,93.52214813232422,28.0
544,93.43069458007812,93.55033874511719,93.5445556640625,93.5400619506836,93.53562927246094,93.53115844726562,93.52667999267578,93.52214813232422,8.0
545,93.43069458007812,93.55033874511719,93.5445556640625,93.5400619506836,93.53562927246094,93.53115844726562,93.52667999267578,93.52214813232422,150.0
546,93.43069458007812,93.55033874511719,93.5445556640625,93.5400619506836,93.53562927246094,93.53115844726562,93.52667999267578,93.52214813232422,150.0
547,93.43069458007812,93.55033874511719,93.5445556640625,93.5400619506836,93.53562927246094,93.53115844726562,93.52667999267578,93.52214813232422,150.0
548,93.43069458007812,93.55033874511719,93.5445556640625,93.5400619506836,93.53562927246094,93.53115844726562,93.52667999267578,93.52214813232422,133.0
549,93.43069458007812,93.55033874511719,93.5445556640625,93.5400619506836,93.53562927246094,93.53115844726562,93.52667999267578,93.52214813232422,113.0
550,93.64839935302734,93.73368072509766,93.7276611328125,93.72338104248047,93.71915435791016,93.71490478515625,93.71061706542969,93.706298828125,93.0
551,93.64839935302734,93.73368072509766,93.7276611328125,93.72338104248047,93.71915435791016,93.71490478515625,93.71061706542969,93.706298828125,73.0
552,93.64839935302734,93.73368072509766,93.7276611328125,93.72338104248047,93.71915435791016,93.71490478515625,93.71061706542969,93.706298828125,53.0
553,93.64839935302734,93.73368072509766,93.7276611328125,93.72338104248047,93.71915435791016,93.71490478515625,93.71061706542969,93.706298828125,33.0
554,93.64839935302734,93.73368072509766,93.7276611328125,93.72338104248047,93.71915435791016,93.71490478515625,93.71061706542969,93.706298828125,13.0
555,93.64839935302734,93.73368072509766,93.7276611328125,93.72338104248047,93.71915435791016,93.71490478515625,93.71061706542969,93.706298828125,150.0
556,93.64839935302734,93.73368072509766,93.7276611328125,93.72338104248047,93.71915435791016,93.71490478515625,93.71061706542969,93.706298828125,150.0
557,93.64839935302734,93.73368072509766,93.7276611328125,93.72338104248047,93.71915435791016,93.71490478515625,93.71061706542969,93.706298828125,150.0
558,93.64839935302734,93.73368072509766,93.7276611328125,93.72338104248047,93.71915435791016,93.71490478515625,93.71061706542969,93.706298828125,133.0
559,93.64839935302734,93.73368072509766,93.7276611328125,93.72338104248047,93.71915435791016,93.71490478515625,93.71061706542969,93.706298828125,113.0
560,93.87164306640625,93.92498016357422,93.91879272460938,93.91472625732422,93.91070556640625,93.90666198730469,93.90259552001953,93.89849853515625,93.0
561,93.87164306640625,93.92498016357422,93.91879272460938,93.91472625732422,93.91070556640625,93.90666198730469,93.90259552001953,93.89849853515625,73.0
562,93.87164306640625,93.92498016357422,93.91879272460938,93.91472625732422,93.91070556640625,93.90666198730469,93.90259552001953,93.89849853515625,53.0
563,93.87164306640625,93.92498016357422,93.91879272460938,93.91472625732422,93.91070556640625,93.90666198730469,93.90259552001953,93.89849853515625,33.0
564,93.87164306640625,93.92498016357422,93.91879272460938,93.91472625732422,93.91070556640625,93.90666198730469,93.90259552001953,93.89849853515625,13.0
565,93.87164306640625,93.92498016357422,93.91879272460938,93.91472625732422,93.91070556640625,93.90666198730469,93.90259552001953,93.89849853515625,146.0
566,93.87164306640625,93.92498016357422,93.91879272460938,93.91472625732422,93.91070556640625,93.90666198730469,93.90259552001953,93.89849853515625,126.0
567,93.87164306640625,93.92498016357422,93.91879272460938,93.91472625732422,93.91070556640625,93.90666198730469,93.90259552001953,93.89849853515625,106.0
568,93.87164306640625,93.92498016357422,93.91879272460938,93.91472625732422,93.91070556640625,93.90666198730469,93.90259552001953,93.89849853515625,86.0
569,93.87164306640625,93.92498016357422,93.91879272460938,93.91472625732422,93.91070556640625,93.90666198730469,93.90259552001953,93.89849853515625,66.0
570,93.91437530517578,93.9383773803711,93.9322509765625,93.92855072021484,93.92491149902344,93.9212417602539,93.91754913330078,93.91382598876953,46.0
571,93.91437530517578,93.9383773803711,93.9322509765625,93.92855072021484,93.92491149902344,93.9212417602539,93.91754913330078,93.91382598876953,26.0
572,93.91437530517578,93.9383773803711,93.9322509765625,93.92855072021484,93.92491149902344,93.9212417602539,93.91754913330078,93.91382598876953,6.0
573,93.91437530517578,93.9383773803711,93.9322509765625,93.92855072021484,93.92491149902344,93.9212417602539,93.91754913330078,93.91382598876953,150.0
574,93.91437530517578,93.9383773803711,93.9322509765625,93.92855072021484,93.92491149902344,93.9212417602539,93.91754913330078,93.91382598876953,150.0
575,93.91437530517578,93.9383773803711,93.9322509765625,93.92855072021484,93.92491149902344,93.9212417602539,93.91754913330078,93.91382598876953,150.0
576,93.91437530517578,93.9383773803711,93.9322509765625,93.92855072021484,93.92491149902344,93.9212417602539,93.91754913330078,93.91382598876953,149.0
577,93.91437530517578,93.9383773803711,93.9322509765625,93.92855072021484,93.92491149902344,93.9212417602539,93.91754913330078,93.91382598876953,129.0
578,93.91437530517578,93.9383773803711,93.9322509765625,93.92855072021484,93.92491149902344,93.9212417602539,93.91754913330078,93.91382598876953,109.0
579,93.91437530517578,93.9383773803711,93.9322509765625,93.92855072021484,93.92491149902344,93.9212417602539,93.91754913330078,93.91382598876953,89.0
580,94.02442932128906,94.02168273925781,94.015625,94.0122299194336,94.0089111328125,94.00555419921875,94.00218200683594,93.99877166748047,69.0
581,94.02442932128906,94.02168273925781,94.015625,94.0122299194336,94.0089111328125,94.00555419921875,94.00218200683594,93.99877166748047,49.0
582,94.02442932128906,94.02168273925781,94.015625,94.0122299194336,94.0089111328125,94.00555419921875,94.00218200683594,93.99877166748047,29.0
583,94.02442932128906,94.02168273925781,94.015625,94.0122299194336,94.0089111328125,94.00555419921875,94.00218200683594,93.99877166748047,150.0
584,94.02442932128906,94.02168273925781,94.015625,94.0122299194336,94.0089111328125,94.00555419921875,94.00218200683594,93.99877166748047,150.0
585,94.02442932128906,94.02168273925781,94.015625,94.0122299194336,94.0089111328125,94.00555419921875,94.00218200683594,93.99877166748047,150.0
586,94.02442932128906,94.02168273925781,94.015625,94.0122299194336,94.0089111328125,94.00555419921875,94.00218200683594,93.99877166748047,130.0
587,94.02442932128906,94.02168273925781,94.015625,94.0122299194336,94.0089111328125,94.00555419921875,94.00218200683594,93.99877166748047,110.0
588,94.02442932128906,94.02168273925781,94.015625,94.0122299194336,94.0089111328125,94.00555419921875,94.00218200683594,93.99877166748047,90.0
589,94.02442932128906,94.02168273925781,94.015625,94.0122299194336,94.0089111328125,94.00555419921875,94.00218200683594,93.99877166748047,70.0
590,94.18634796142578,94.15945434570312,94.15345001220703,94.15032958984375,94.14727020263672,94.14418029785156,94.14107513427734,94.13793182373047,50.0
591,94.18634796142578,94.15945434570312,94.15345001220703,94.15032958984375,94.14727020263672,94.14418029785156,94.14107513427734,94.13793182373047,30.0
592,94.18634796142578,94.15945434570312,94.15345001220703,94.15032958984375,94.14727020263672,94.14418029785156,94.14107513427734,94.13793182373047,10.0
593,94.18634796142578,94.15945434570312,94.15345001220703,94.15032958984375,94.14727020263672,94.14418029785156,94.14107513427734,94.13793182373047,134.0
594,94.18634796142578,94.15945434570312,94.15345001220703,94.15032958984375,94.14727020263672,94.14418029785156,94.14107513427734,94.13793182373047,114.0
595,94.18634796142578,94.15945434570312,94.15345001220703,94.15032958984375,94.14727020263672,94.14418029785156,94.14107513427734,94.13793182373047,94.0
596,94.18634796142578,94.15945434570312,94.15345001220703,94.15032958984375,94.14727020263672,94.14418029785156,94.14107513427734,94.13793182373047,74.0
597,94.18634796142578,94.15945434570312,94.15345001220703,94.15032958984375,94.14727020263672,94.14418029785156,94.14107513427734,94.13793182373047,54.0
598,94.18634796142578,94.15945434570312,94.15345001220703,94.15032958984375,94.14727020263672,94.14418029785156,94.14107513427734,94.13793182373047,34.0
599,94.18634796142578,94.15945434570312,94.15345001220703,94.15032958984375,94.14727020263672,94.14418029785156,94.14107513427734,94.13793182373047,14.0
600,93.96294403076172,93.91510772705078,93.90955352783203,93.90701293945312,93.90455627441406,93.90204620361328,93.8995361328125,93.89700317382812,150.0
601,93.96294403076172,93.91510772705078,93.90955352783203,93.90701293945312,93.90455627441406,93.90204620361328,93.8995361328125,93.89700317382812,150.0
602,93.96294403076172,93.91510772705078,93.90955352783203,93.90701293945312,93.90455627441406,93.90204620361328,93.8995361328125,93.89700317382812,150.0
603,93.96294403076172,93.91510772705078,93.90955352783203,93.90701293945312,93.90455627441406,93.90204620361328,93.8995361328125,93.89700317382812,150.0
604,93.96294403076172,93.91510772705078,93.90955352783203,93.90701293945312,93.90455627441406,93.90204620361328,93.8995361328125,93.89700317382812,131.0
605,93.96294403076172,93.91510772705078,93.90955352783203,93.90701293945312,93.90455627441406,93.90204620361328,93.8995361328125,93.89700317382812,111.0
606,93.96294403076172,93.91510772705078,93.90955352783203,93.90701293945312,93.90455627441406,93.90204620361328,93.8995361328125,93.89700317382812,91.0
607,93.96294403076172,93.91510772705078,93.90955352783203,93.90701293945312,93.90455627441406,93.90204620361328,93.8995361328125,93.89700317382812,71.0
608,93.96294403076172,93.91510772705078,93.90955352783203,93.90701293945312,93.90455627441406,93.90204620361328,93.8995361328125,93.89700317382812,51.0
609,93.96294403076172,93.91510772705078,93.90955352783203,93.90701293945312,93.90455627441406,93.90204620361328,93.8995361328125,93.89700317382812,31.0
610,93.92342376708984,93.8570556640625,93.85182189941406,93.8497085571289,93.84766387939453,93.8455810546875,93.84349060058594,93.84137725830078,150.0
611,93.92342376708984,93.8570556640625,93.85182189941406,93.8497085571289,93.84766387939453,93.8455810546875,93.84349060058594,93.84137725830078,150.0
612,93.92342376708984,93.8570556640625,93.85182189941406,93.8497085571289,93.84766387939453,93.8455810546875,93.84349060058594,93.84137725830078,139.0
613,93.92342376708984,93.8570556640625,93.85182189941406,93.8497085571289,93.84766387939453,93.8455810546875,93.84349060058594,93.84137725830078,119.0
614,93.92342376708984,93.8570556640625,93.85182189941406,93.8497085571289,93.84766387939453,93.8455810546875,93.84349060058594,93.84137725830078,99.0
615,93.92342376708984,93.8570556640625,93.85182189941406,93.8497085571289,93.84766387939453,93.8455810546875,93.84349060058594,93.84137725830078,79.0
616,93.92342376708984,93.8570556640625,93.85182189941406,93.8497085571289,93.84766387939453,93.8455810546875,93.84349060058594,93.84137725830078,59.0
617,93.92342376708984,93.8570556640625,93.85182189941406,93.8497085571289,93.84766387939453,93.8455810546875,93.84349060058594,93.84137725830078,39.0
618,93.92342376708984,93.8570556640625,93.85182189941406,93.8497085571289,93.84766387939453,93.8455810546875,93.84349060058594,93.84137725830078,19.0
619,93.92342376708984,93.8570556640625,93.85182189941406,93.8497085571289,93.84766387939453,93.8455810546875,93.84349060058594,93.84137725830078,150.0
620,93.95817565917969,93.875732421875,93.87078094482422,93.86901092529297,93.86729431152344,93.86555480957031,93.86381530761719,93.86203002929688,145.0
621,93.95817565917969,93.875732421875,93.87078094482422,93.86901092529297,93.86729431152344,93.86555480957031,93.86381530761719,93.86203002929688,125.0
622,93.95817565917969,93.875732421875,93.87078094482422,93.86901092529297,93.86729431152344,93.86555480957031,93.86381530761719,93.86203002929688,105.0
623,93.95817565917969,93.875732421875,93.87078094482422,93.86901092529297,93.86729431152344,93.86555480957031,93.86381530761719,93.86203002929688,85.0
624,93.95817565917969,93.875732421875,93.87078094482422,93.86901092529297,93.86729431152344,93.86555480957031,93.86381530761719,93.86203002929688,65.0
625,93.95817565917969,93.875732421875,93.87078094482422,93.86901092529297,93.86729431152344,93.86555480957031,93.86381530761719,93.86203002929688,45.0
626,93.95817565917969,93.875732421875,93.87078094482422,93.86901092529297,93.86729431152344,93.86555480957031,93.86381530761719,93.86203002929688,25.0
627,93.95817565917969,93.875732421875,93.87078094482422,93.86901092529297,93.86729431152344,93.86555480957031,93.86381530761719,93.86203002929688,5.0
628,93.95817565917969,93.875732421875,93.87078094482422,93.86901092529297,93.86729431152344,93.86555480957031,93.86381530761719,93.86203002929688,150.0
629,93.95817565917969,93.875732421875,93.87078094482422,93.86901092529297,93.86729431152344,93.86555480957031,93.86381530761719,93.86203002929688,150.0
630,93.94577026367188,93.849853515625,93.8452377319336,93.84383392333984,93.84248352050781,93.84110260009766,93.83972930908203,93.83831787109375,150.0
631,93.94577026367188,93.849853515625,93.8452377319336,93.84383392333984,93.84248352050781,93.84110260009766,93.83972930908203,93.83831787109375,134.0
632,93.94577026367188,93.849853515625,93.8452377319336,93.84383392333984,93.84248352050781,93.84110260009766,93.83972930908203,93.83831787109375,114.0
633,93.94577026367188,93.849853515625,93.8452377319336,93.84383392333984,93.84248352050781,93.84110260009766,93.83972930908203,93.83831787109375,94.0
634,93.94577026367188,93.849853515625,93.8452377319336,93.84383392333984,93.84248352050781,93.84110260009766,93.83972930908203,93.83831787109375,74.0
635,93.94577026367188,93.849853515625,93.8452377319336,93.84383392333984,93.84248352050781,93.84110260009766,93.83972930908203,93.83831787109375,54.0
636,93.94577026367188,93.849853515625,93.8452377319336,93.84383392333984,93.84248352050781,93.84110260009766,93.83972930908203,93.83831787109375,34.0
637,93.94577026367188,93.849853515625,93.8452377319336,93.84383392333984,93.84248352050781,93.84110260009766,93.83972930908203,93.83831787109375,14.0
638,93.94577026367188,93.849853515625,93.8452377319336,93.84383392333984,93.84248352050781,93.84110260009766,93.83972930908203,93.83831787109375,150.0
639,93.94577026367188,93.849853515625,93.8452377319336,93.84383392333984,93.84248352050781,93.84110260009766,93.83972930908203,93.83831787109375,148.0
640,93.96392059326172,93.85684204101562,93.85258483886719,93.85148620605469,93.85044860839844,93.84939575195312,93.84832763671875,93.84724426269531,128.0
641,93.96392059326172,93.85684204101562,93.85258483886719,93.85148620605469,93.85044860839844,93.84939575195312,93.84832763671875,93.84724426269531,108.0
642,93.96392059326172,93.85684204101562,93.85258483886719,93.85148620605469,93.85044860839844,93.84939575195312,93.84832763671875,93.84724426269531,88.0
643,93.96392059326172,93.85684204101562,93.85258483886719,93.85148620605469,93.85044860839844,93.84939575195312,93.84832763671875,93.84724426269531,68.0
644,93.96392059326172,93.85684204101562,93.85258483886719,93.85148620605469,93.85044860839844,93.84939575195312,93.84832763671875,93.84724426269531,48.0
645,93.96392059326172,93.85684204101562,93.85258483886719,93.85148620605469,93.85044860839844,93.84939575195312,93.84832763671875,93.84724426269531,28.0
646,93.96392059326172,93.85684204101562,93.85258483886719,93.85148620605469,93.85044860839844,93.84939575195312,93.84832763671875,93.84724426269531,8.0
647,93.96392059326172,93.85684204101562,93.85258483886719,93.85148620605469,93.85044860839844,93.84939575195312,93.84832763671875,93.84724426269531,150.0
648,93.96392059326172,93.85684204101562,93.85258483886719,93.85148620605469,93.85044860839844,93.84939575195312,93.84832763671875,93.84724426269531,138.0
649,93.96392059326172,93.85684204101562,93.85258483886719,93.85148620605469,93.85044860839844,93.84939575195312,93.84832763671875,93.84724426269531,118.0
650,93.91658020019531,93.80078887939453,93.79693603515625,93.79620361328125,93.79550170898438,93.79478454589844,93.7940673828125,93.7933349609375,98.0
651,93.91658020019531,93.80078887939453,93.79693603515625,93.79620361328125,93.79550170898438,93.79478454589844,93.7940673828125,93.7933349609375,78.0
652,93.91658020019531,93.80078887939453,93.79693603515625,93.79620361328125,93.79550170898438,93.79478454589844,93.7940673828125,93.7933349609375,58.0
653,93.91658020019531,93.80078887939453,93.79693603515625,93.79620361328125,93.79550170898438,93.79478454589844,93.7940673828125,93.7933349609375,38.0
654,93.91658020019531,93.80078887939453,93.79693603515625,93.79620361328125,93.79550170898438,93.79478454589844,93.7940673828125,93.7933349609375,18.0
655,93.91658020019531,93.80078887939453,93.79693603515625,93.79620361328125,93.79550170898438,93.79478454589844,93.7940673828125,93.7933349609375,150.0
656,93.91658020019531,93.80078887939453,93.79693603515625,93.79620361328125,93.79550170898438,93.79478454589844,93.7940673828125,93.7933349609375,150.0
657,93.91658020019531,93.80078887939453,93.79693603515625,93.79620361328125,93.79550170898438,93.79478454589844,93.7940673828125,93.7933349609375,150.0
658,93.91658020019531,93.80078887939453,93.79693603515625,93.79620361328125,93.79550170898438,93.79478454589844,93.7940673828125,93.7933349609375,133.0
659,93.91658020019531,93.80078887939453,93.79693603515625,93.79620361328125,93.79550170898438,93.79478454589844,93.7940673828125,93.7933349609375,113.0
660,93.92570495605469,93.80323028564453,93.79972839355469,93.79926300048828,93.79885864257812,93.79840850830078,93.79798126220703,93.79752349853516,93.0
661,93.92570495605469,93.80323028564453,93.79972839355469,93.79926300048828,93.79885864257812,93.79840850830078,93.79798126220703,93.79752349853516,73.0
662,93.92570495605469,93.80323028564453,93.79972839355469,93.79926300048828,93.79885864257812,93.79840850830078,93.79798126220703,93.79752349853516,53.0
663,93.92570495605469,93.80323028564453,93.79972839355469,93.79926300048828,93.79885864257812,93.79840850830078,93.79798126220703,93.79752349853516,33.0
664,93.92570495605469,93.80323028564453,93.79972839355469,93.79926300048828,93.79885864257812,93.79840850830078,93.79798126220703,93.79752349853516,13.0
665,93.92570495605469,93.80323028564453,93.79972839355469,93.79926300048828,93.79885864257812,93.79840850830078,93.79798126220703,93.79752349853516,150.0
666,93.92570495605469,93.80323028564453,93.79972839355469,93.79926300048828,93.79885864257812,93.79840850830078,93.79798126220703,93.79752349853516,150.0
667,93.92570495605469,93.80323028564453,93.79972839355469,93.79926300048828,93.79885864257812,93.79840850830078,93.79798126220703,93.79752349853516,150.0
668,93.92570495605469,93.80323028564453,93.79972839355469,93.79926300048828,93.79885864257812,93.79840850830078,93.79798126220703,93.79752349853516,137.0
669,93.92570495605469,93.80323028564453,93.79972839355469,93.79926300048828,93.79885864257812,93.79840850830078,93.79798126220703,93.79752349853516,117.0
670,93.96680450439453,93.8395767211914,93.83641052246094,93.836181640625,93.83598327636719,93.83577728271484,93.83556365966797,93.83533477783203,97.0
671,93.96680450439453,93.8395767211914,93.83641052246094,93.836181640625,93.83598327636719,93.83577728271484,93.83556365966797,93.83533477783203,77.0
672,93.96680450439453,93.8395767211914,93.83641052246094,93.836181640625,93.83598327636719,93.83577728271484,93.83556365966797,93.83533477783203,57.0
673,93.96680450439453,93.8395767211914,93.83641052246094,93.836181640625,93.83598327636719,93.83577728271484,93.83556365966797,93.83533477783203,37.0
674,93.96680450439453,93.8395767211914,93.83641052246094,93.836181640625,93.83598327636719,93.83577728271484,93.83556365966797,93.83533477783203,17.0
675,93.96680450439453,93.8395767211914,93.83641052246094,93.836181640625,93.83598327636719,93.83577728271484,93.83556365966797,93.83533477783203,134.0
676,93.96680450439453,93.8395767211914,93.83641052246094,93.836181640625,93.83598327636719,93.83577728271484,93.83556365966797,93.83533477783203,114.0
677,93.96680450439453,93.8395767211914,93.83641052246094,93.836181640625,93.83598327636719,93.83577728271484,93.83556365966797,93.83533477783203,94.0
678,93.96680450439453,93.8395767211914,93.83641052246094,93.836181640625,93.83598327636719,93.83577728271484,93.83556365966797,93.83533477783203,74.0
679,93.96680450439453,93.8395767211914,93.83641052246094,93.836181640625,93.83598327636719,93.83577728271484,93.83556365966797,93.83533477783203,54.0
680,93.79964447021484,93.67005920410156,93.66739654541016,93.66754150390625,93.66770935058594,93.66787719726562,93.66803741455078,93.66818237304688,34.0
681,93.79964447021484,93.67005920410156,93.66739654541016,93.66754150390625,93.66770935058594,93.66787719726562,93.66803741455078,93.66818237304688,14.0
682,93.79964447021484,93.67005920410156,93.66739654541016,93.66754150390625,93.66770935058594,93.66787719726562,93.66803741455078,93.66818237304688,115.0
683,93.79964447021484,93.67005920410156,93.66739654541016,93.66754150390625,93.66770935058594,93.66787719726562,93.66803741455078,93.66818237304688,95.0
684,93.79964447021484,93.67005920410156,93.66739654541016,93.66754150390625,93.66770935058594,93.66787719726562,93.66803741455078,93.66818237304688,75.0
685,93.79964447021484,93.67005920410156,93.66739654541016,93.66754150390625,93.66770935058594,93.66787719726562,93.66803741455078,93.66818237304688,55.0
686,93.79964447021484,93.67005920410156,93.66739654541016,93.66754150390625,93.66770935058594,93.66787719726562,93.66803741455078,93.66818237304688,35.0
687,93.79964447021484,93.67005920410156,93.66739654541016,93.66754150390625,93.66770935058594,93.66787719726562,93.66803741455078,93.66818237304688,15.0
688,93.79964447021484,93.67005920410156,93.66739654541016,93.66754150390625,93.66770935058594,93.66787719726562,93.66803741455078,93.66818237304688,135.0
689,93.79964447021484,93.67005920410156,93.66739654541016,93.66754150390625,93.66770935058594,93.66787719726562,93.66803741455078,93.66818237304688,115.0
690,93.37410736083984,93.24452209472656,93.24256896972656,93.24327850341797,93.24400329589844,93.24472045898438,93.24545288085938,93.24617004394531,95.0
691,93.37410736083984,93.24452209472656,93.24256896972656,93.24327850341797,93.24400329589844,93.24472045898438,93.24545288085938,93.24617004394531,75.0
692,93.37410736083984,93.24452209472656,93.24256896972656,93.24327850341797,93.24400329589844,93.24472045898438,93.24545288085938,93.24617004394531,55.0
693,93.37410736083984,93.24452209472656,93.24256896972656,93.24327850341797,93.24400329589844,93.24472045898438,93.24545288085938,93.24617004394531,35.0
694,93.37410736083984,93.24452209472656,93.24256896972656,93.24327850341797,93.24400329589844,93.24472045898438,93.24545288085938,93.24617004394531,15.0
695,93.37410736083984,93.24452209472656,93.24256896972656,93.24327850341797,93.24400329589844,93.24472045898438,93.24545288085938,93.24617004394531,150.0
696,93.37410736083984,93.24452209472656,93.24256896972656,93.24327850341797,93.24400329589844,93.24472045898438,93.24545288085938,93.24617004394531,150.0
697,93.37410736083984,93.24452209472656,93.24256896972656,93.24327850341797,93.24400329589844,93.24472045898438,93.24545288085938,93.24617004394531,150.0
698,93.37410736083984,93.24452209472656,93.24256896972656,93.24327850341797,93.24400329589844,93.24472045898438,93.24545288085938,93.24617004394531,150.0
699,93.37410736083984,93.24452209472656,93.24256896972656,93.24327850341797,93.24400329589844,93.24472045898438,93.24545288085938,93.24617004394531,150.0
700,93.09193420410156,92.96349334716797,92.9621353149414,92.96324157714844,92.96438598632812,92.96552276611328,92.96664428710938,92.96778869628906,150.0
701,93.09193420410156,92.96349334716797,92.9621353149414,92.96324157714844,92.96438598632812,92.96552276611328,92.96664428710938,92.96778869628906,143.0
702,93.09193420410156,92.96349334716797,92.9621353149414,92.96324157714844,92.96438598632812,92.96552276611328,92.96664428710938,92.96778869628906,123.0
703,93.09193420410156,92.96349334716797,92.9621353149414,92.96324157714844,92.96438598632812,92.96552276611328,92.96664428710938,92.96778869628906,103.0
704,93.09193420410156,92.96349334716797,92.9621353149414,92.96324157714844,92.96438598632812,92.96552276611328,92.96664428710938,92.96778869628906,83.0
705,93.09193420410156,92.96349334716797,92.9621353149414,92.96324157714844,92.96438598632812,92.96552276611328,92.96664428710938,92.96778869628906,150.0
706,93.09193420410156,92.96349334716797,92.9621353149414,92.96324157714844,92.96438598632812,92.96552276611328,92.96664428710938,92.96778869628906,150.0
707,93.09193420410156,92.96349334716797,92.9621353149414,92.96324157714844,92.96438598632812,92.96552276611328,92.96664428710938,92.96778869628906,150.0
708,93.09193420410156,92.96349334716797,92.9621353149414,92.96324157714844,92.96438598632812,92.96552276611328,92.96664428710938,92.96778869628906,150.0
709,93.09193420410156,92.96349334716797,92.9621353149414,92.96324157714844,92.96438598632812,92.96552276611328,92.96664428710938,92.96778869628906,150.0
710,93.29850769042969,93.17135620117188,93.17013549804688,93.17122650146484,93.17234802246094,93.1734619140625,93.17457580566406,93.17567443847656,150.0
711,93.29850769042969,93.17135620117188,93.17013549804688,93.17122650146484,93.17234802246094,93.1734619140625,93.17457580566406,93.17567443847656,150.0
712,93.29850769042969,93.17135620117188,93.17013549804688,93.17122650146484,93.17234802246094,93.1734619140625,93.17457580566406,93.17567443847656,150.0
713,93.29850769042969,93.17135620117188,93.17013549804688,93.17122650146484,93.17234802246094,93.1734619140625,93.17457580566406,93.17567443847656,150.0
714,93.29850769042969,93.17135620117188,93.17013549804688,93.17122650146484,93.17234802246094,93.1734619140625,93.17457580566406,93.17567443847656,136.0
715,93.29850769042969,93.17135620117188,93.17013549804688,93.17122650146484,93.17234802246094,93.1734619140625,93.17457580566406,93.17567443847656,150.0
716,93.29850769042969,93.17135620117188,93.17013549804688,93.17122650146484,93.17234802246094,93.1734619140625,93.17457580566406,93.17567443847656,150.0
717,93.29850769042969,93.17135620117188,93.17013549804688,93.17122650146484,93.17234802246094,93.1734619140625,93.17457580566406,93.17567443847656,142.0
718,93.29850769042969,93.17135620117188,93.17013549804688,93.17122650146484,93.17234802246094,93.1734619140625,93.17457580566406,93.17567443847656,122.0
719,93.29850769042969,93.17135620117188,93.17013549804688,93.17122650146484,93.17234802246094,93.1734619140625,93.17457580566406,93.17567443847656,102.0
720,93.99740600585938,93.87150573730469,93.87000274658203,93.87065124511719,93.87130737304688,93.8719711303711,93.87261962890625,93.87326049804688,82.0
721,93.99740600585938,93.87150573730469,93.87000274658203,93.87065124511719,93.87130737304688,93.8719711303711,93.87261962890625,93.87326049804688,62.0
722,93.99740600585938,93.87150573730469,93.87000274658203,93.87065124511719,93.87130737304688,93.8719711303711,93.87261962890625,93.87326049804688,42.0
723,93.99740600585938,93.87150573730469,93.87000274658203,93.87065124511719,93.87130737304688,93.8719711303711,93.87261962890625,93.87326049804688,22.0
724,93.99740600585938,93.87150573730469,93.87000274658203,93.87065124511719,93.87130737304688,93.8719711303711,93.87261962890625,93.87326049804688,2.0
725,93.99740600585938,93.87150573730469,93.87000274658203,93.87065124511719,93.87130737304688,93.8719711303711,93.87261962890625,93.87326049804688,136.0
726,93.99740600585938,93.87150573730469,93.87000274658203,93.87065124511719,93.87130737304688,93.8719711303711,93.87261962890625,93.87326049804688,116.0
727,93.99740600585938,93.87150573730469,93.87000274658203,93.87065124511719,93.87130737304688,93.8719711303711,93.87261962890625,93.87326049804688,96.0
728,93.99740600585938,93.87150573730469,93.87000274658203,93.87065124511719,93.87130737304688,93.8719711303711,93.87261962890625,93.87326049804688,76.0
729,93.99740600585938,93.87150573730469,93.87000274658203,93.87065124511719,93.87130737304688,93.8719711303711,93.87261962890625,93.87326049804688,56.0
730,94.35281372070312,94.23014068603516,94.22862243652344,94.22908782958984,94.22955322265625,94.23001098632812,94.23046875,94.23092651367188,36.0
731,94.35281372070312,94.23014068603516,94.22862243652344,94.22908782958984,94.22955322265625,94.23001098632812,94.23046875,94.23092651367188,16.0
732,94.35281372070312,94.23014068603516,94.22862243652344,94.22908782958984,94.22955322265625,94.23001098632812,94.23046875,94.23092651367188,150.0
733,94.35281372070312,94.23014068603516,94.22862243652344,94.22908782958984,94.22955322265625,94.23001098632812,94.23046875,94.23092651367188,145.0
734,94.35281372070312,94.23014068603516,94.22862243652344,94.22908782958984,94.22955322265625,94.23001098632812,94.23046875,94.23092651367188,125.0
735,94.35281372070312,94.23014068603516,94.22862243652344,94.22908782958984,94.22955322265625,94.23001098632812,94.23046875,94.23092651367188,105.0
736,94.35281372070312,94.23014068603516,94.22862243652344,94.22908782958984,94.22955322265625,94.23001098632812,94.23046875,94.23092651367188,85.0
737,94.35281372070312,94.23014068603516,94.22862243652344,94.22908782958984,94.22955322265625,94.23001098632812,94.23046875,94.23092651367188,65.0
738,94.35281372070312,94.23014068603516,94.22862243652344,94.22908782958984,94.22955322265625,94.23001098632812,94.23046875,94.23092651367188,45.0
739,94.35281372070312,94.23014068603516,94.22862243652344,94.22908782958984,94.22955322265625,94.23001098632812,94.23046875,94.23092651367188,25.0
740,94.51119995117188,94.39317321777344,94.39179229736328,94.3922119140625,94.39263916015625,94.39305114746094,94.3934555053711,94.39385986328125,5.0
741,94.51119995117188,94.39317321777344,94.39179229736328,94.3922119140625,94.39263916015625,94.39305114746094,94.3934555053711,94.39385986328125,150.0
742,94.51119995117188,94.39317321777344,94.39179229736328,94.3922119140625,94.39263916015625,94.39305114746094,94.3934555053711,94.39385986328125,150.0
743,94.51119995117188,94.39317321777344,94.39179229736328,94.3922119140625,94.39263916015625,94.39305114746094,94.3934555053711,94.39385986328125,140.0
744,94.51119995117188,94.39317321777344,94.39179229736328,94.3922119140625,94.39263916015625,94.39305114746094,94.3934555053711,94.39385986328125,120.0
745,94.51119995117188,94.39317321777344,94.39179229736328,94.3922119140625,94.39263916015625,94.39305114746094,94.3934555053711,94.39385986328125,100.0
746,94.51119995117188,94.39317321777344,94.39179229736328,94.3922119140625,94.39263916015625,94.39305114746094,94.3934555053711,94.39385986328125,80.0
747,94.51119995117188,94.39317321777344,94.39179229736328,94.3922119140625,94.39263916015625,94.39305114746094,94.3934555053711,94.39385986328125,60.0
748,94.51119995117188,94.39317321777344,94.39179229736328,94.3922119140625,94.39263916015625,94.39305114746094,94.3934555053711,94.39385986328125,40.0
749,94.51119995117188,94.39317321777344,94.39179229736328,94.3922119140625,94.39263916015625,94.39305114746094,94.3934555053711,94.39385986328125,20.0
750,94.56512451171875,94.45281219482422,94.4516372680664,94.45208740234375,94.45252227783203,94.45296478271484,94.45338439941406,94.45382690429688,0.0
