,0,1,2,3,4,5,6
0,101.63398742675781,96.03746032714844,92.45747375488281,95.6546630859375,81.72443389892578,93.33159637451172,150.0
1,104.18821716308594,86.7844467163086,95.79795837402344,104.33186340332031,77.96507263183594,94.63685607910156,150.0
2,94.79622650146484,84.50809478759766,94.2344741821289,106.66635131835938,80.24897003173828,94.15240478515625,132.0
3,91.1210708618164,85.87655639648438,90.31190490722656,95.05834197998047,52.89537811279297,95.60203552246094,112.0
4,95.03988647460938,66.72315216064453,107.03620910644531,99.3254165649414,90.96637725830078,109.73575592041016,92.0
5,84.97532653808594,60.11351776123047,98.3136215209961,113.58416748046875,55.42204284667969,127.10530090332031,72.0
6,95.78551483154297,60.876258850097656,85.84044647216797,98.58485412597656,82.56240844726562,100.73168182373047,52.0
7,94.48809814453125,87.80195617675781,88.65670776367188,88.40153503417969,88.53515625,89.54686737060547,32.0
8,94.48809814453125,87.80195617675781,88.65670776367188,88.40153503417969,88.53515625,89.54686737060547,12.0
9,107.84140014648438,103.79906463623047,87.44078063964844,104.65708923339844,99.53194427490234,108.5659408569336,150.0
10,100.58843231201172,89.79706573486328,92.84281921386719,87.9189682006836,79.84989929199219,82.05846405029297,139.0
11,91.83988952636719,53.99055480957031,96.49191284179688,96.28862762451172,81.78187561035156,92.87311553955078,119.0
12,93.50816345214844,85.14161682128906,92.82926177978516,88.04551696777344,75.50703430175781,85.77552032470703,99.0
13,97.12298583984375,77.58323669433594,94.5400619506836,72.15202331542969,66.3912353515625,94.80916595458984,79.0
14,82.36974334716797,89.48362731933594,88.89175415039062,104.67664337158203,77.83076477050781,96.5068359375,59.0
15,91.7095718383789,84.17150115966797,85.61800384521484,85.37960052490234,85.74067687988281,86.38713073730469,39.0
16,91.7095718383789,84.17150115966797,85.61800384521484,85.37960052490234,85.74067687988281,86.38713073730469,19.0
17,93.1266860961914,113.76173400878906,96.4754638671875,86.14115142822266,78.50445556640625,94.49174499511719,150.0
18,161.99310302734375,106.61609649658203,98.26000213623047,121.3873062133789,98.44451904296875,91.2387466430664,149.0
19,74.97382354736328,83.2832260131836,75.93123626708984,122.82213592529297,101.89991760253906,93.75701141357422,129.0
20,89.72859191894531,93.72163391113281,84.19670867919922,114.81761169433594,97.03106689453125,85.22343444824219,109.0
21,93.8084716796875,56.13377380371094,99.9293441772461,73.19163513183594,95.02391815185547,86.95695495605469,89.0
22,71.59990692138672,93.39985656738281,103.63289642333984,89.83670806884766,83.07313537597656,61.04955291748047,69.0
23,117.13941955566406,117.22303009033203,79.51060485839844,94.86310577392578,95.94083404541016,107.8511962890625,49.0
24,89.6508560180664,81.17198944091797,83.07464599609375,82.75827026367188,83.4398422241211,83.70458221435547,29.0
25,89.6508560180664,81.17198944091797,83.07464599609375,82.75827026367188,83.4398422241211,83.70458221435547,9.0
26,85.68264770507812,87.752197265625,98.66517639160156,37.8051872253418,78.12352752685547,60.55659484863281,150.0
27,93.1182632446289,85.84053039550781,83.06916046142578,81.26434326171875,71.4490966796875,82.14971160888672,148.0
28,47.23978805541992,84.37496948242188,87.5257568359375,69.20024871826172,39.93995666503906,60.968360900878906,128.0
29,76.7237777709961,78.6859130859375,67.3526382446289,75.44064331054688,70.5887222290039,85.63471984863281,108.0
30,69.6363754272461,89.04385375976562,68.38194274902344,91.84184265136719,68.32421112060547,71.48870849609375,88.0
31,77.54556274414062,125.36495971679688,81.37627410888672,97.01997375488281,89.9877700805664,85.15000915527344,68.0
32,87.81588745117188,78.73715209960938,80.85221099853516,80.48910522460938,81.45648956298828,81.39134216308594,48.0
33,87.81588745117188,78.73715209960938,80.85221099853516,80.48910522460938,81.45648956298828,81.39134216308594,28.0
34,87.81588745117188,78.73715209960938,80.85221099853516,80.48910522460938,81.45648956298828,81.39134216308594,8.0
35,31.7534122467041,90.51891326904297,85.90931701660156,61.74105453491211,55.851776123046875,85.09274291992188,150.0
36,73.31625366210938,87.7921142578125,43.18783950805664,65.55276489257812,65.86183166503906,76.08694458007812,150.0
37,65.89312744140625,69.4662857055664,73.86697387695312,61.41377639770508,72.48067474365234,75.00244903564453,150.0
38,50.01166534423828,76.47765350341797,75.3124771118164,92.3681869506836,57.24208068847656,75.32901000976562,150.0
39,70.40568542480469,86.37660217285156,94.12757110595703,82.6094741821289,78.77652740478516,91.72824096679688,150.0
40,67.37847137451172,67.3424072265625,103.1834716796875,94.45247650146484,61.987430572509766,87.81422424316406,139.0
41,108.37396240234375,54.61159896850586,67.71330261230469,60.09123611450195,92.19656372070312,87.20103454589844,119.0
42,86.83396911621094,76.88579559326172,79.19986724853516,78.7631607055664,80.03199768066406,79.64076232910156,99.0
43,86.83396911621094,76.88579559326172,79.19986724853516,78.7631607055664,80.03199768066406,79.64076232910156,79.0
44,86.83396911621094,76.88579559326172,79.19986724853516,78.7631607055664,80.03199768066406,79.64076232910156,59.0
45,75.95816040039062,112.91336822509766,78.90935516357422,68.09152221679688,79.17549133300781,72.48521423339844,130.0
46,80.56256866455078,83.8733901977539,77.80535888671875,76.87308502197266,47.13642120361328,67.68079376220703,110.0
47,70.43017578125,66.0318603515625,48.6940803527832,72.0464859008789,74.46611022949219,67.28205108642578,90.0
48,64.25086975097656,84.40374755859375,92.33422088623047,97.12474060058594,57.081825256347656,84.7697525024414,70.0
49,79.5949478149414,63.32733917236328,105.41407012939453,101.60946655273438,85.18362426757812,46.206756591796875,50.0
50,86.5246810913086,75.5501708984375,77.9454345703125,77.44437408447266,79.03504943847656,78.35610961914062,30.0
51,86.5246810913086,75.5501708984375,77.9454345703125,77.44437408447266,79.03504943847656,78.35610961914062,10.0
52,93.36719512939453,105.47665405273438,100.20418548583984,79.87908172607422,84.48931121826172,71.10638427734375,150.0
53,57.249385833740234,73.11732482910156,105.27359771728516,81.0666732788086,86.15092468261719,97.66307830810547,150.0
54,90.12078857421875,113.25869750976562,106.28209686279297,88.52717590332031,77.9233169555664,84.56644439697266,141.0
55,79.91766357421875,104.808837890625,102.60995483398438,64.15961456298828,92.43870544433594,81.0311279296875,121.0
56,73.90042877197266,96.75808715820312,67.38322448730469,81.11090087890625,105.57984161376953,64.97278594970703,101.0
57,59.391998291015625,71.2935791015625,98.96351623535156,96.05733489990234,101.10441589355469,84.49785614013672,81.0
58,95.35151672363281,80.20829772949219,89.9447250366211,89.11115264892578,94.59877014160156,92.47618865966797,61.0
59,86.5246810913086,75.5501708984375,77.9454345703125,77.44437408447266,79.03504943847656,78.35610961914062,41.0
60,86.59911346435547,74.477294921875,76.86418151855469,76.4060287475586,78.20478057861328,77.34858703613281,21.0
61,86.59911346435547,74.477294921875,76.86418151855469,76.4060287475586,78.20478057861328,77.34858703613281,1.0
62,87.286376953125,86.49217224121094,64.123291015625,77.69817352294922,92.83456420898438,85.48489379882812,150.0
63,90.46215057373047,90.37869262695312,88.38066101074219,85.8818359375,80.13773345947266,49.084991455078125,150.0
64,84.85118103027344,93.57121276855469,94.78219604492188,69.94396209716797,83.69825744628906,70.30575561523438,150.0
65,76.63823699951172,43.67929458618164,87.44879150390625,94.27828979492188,70.95114135742188,84.18867492675781,142.0
66,84.45866394042969,85.97140502929688,96.88035583496094,84.54037475585938,94.88782501220703,101.44366455078125,122.0
67,66.99674224853516,93.76687622070312,108.86041259765625,109.14795684814453,108.73788452148438,112.68083953857422,102.0
68,102.1780014038086,65.95142364501953,94.67198944091797,95.95413208007812,95.26319122314453,108.90641784667969,82.0
69,86.59911346435547,74.477294921875,76.86418151855469,76.4060287475586,78.20478057861328,77.34858703613281,62.0
70,87.54070281982422,73.87736511230469,76.15567016601562,75.74822998046875,77.72745513916016,76.69840240478516,42.0
71,87.54070281982422,73.87736511230469,76.15567016601562,75.74822998046875,77.72745513916016,76.69840240478516,22.0
72,102.36307525634766,101.9627914428711,105.80030822753906,69.43865203857422,93.88957214355469,93.30488586425781,150.0
73,87.95641326904297,93.81822967529297,105.50614929199219,86.52803802490234,91.87247467041016,68.17745208740234,150.0
74,80.92141723632812,86.78378295898438,106.84214782714844,122.05183410644531,114.27371215820312,93.77735137939453,150.0
75,86.22210693359375,81.76423645019531,115.55386352539062,105.53704833984375,121.2190933227539,105.28833770751953,150.0
76,91.01689910888672,85.15162658691406,108.13482666015625,77.96613311767578,78.2661361694336,102.70417022705078,140.0
77,94.14710235595703,94.74786376953125,92.19633483886719,98.53842163085938,68.24478149414062,124.92904663085938,120.0
78,90.32394409179688,123.81150817871094,102.14921569824219,86.44541931152344,90.70771026611328,96.76548767089844,100.0
79,87.54070281982422,73.87736511230469,76.15567016601562,75.74822998046875,77.72745513916016,76.69840240478516,80.0
80,89.444580078125,73.84025573730469,75.90763092041016,75.61274719238281,77.75102996826172,76.55314636230469,60.0
81,89.444580078125,73.84025573730469,75.90763092041016,75.61274719238281,77.75102996826172,76.55314636230469,40.0
82,111.32574462890625,98.06765747070312,113.60897827148438,93.2770004272461,88.6408462524414,99.32697296142578,150.0
83,99.91165161132812,102.59977722167969,89.72789764404297,89.7709732055664,143.37274169921875,104.42279815673828,130.0
84,96.100830078125,98.54204559326172,120.92460632324219,65.97472381591797,94.75594329833984,96.67761993408203,110.0
85,92.58403015136719,105.39187622070312,103.16908264160156,115.78621673583984,130.7722930908203,105.37010955810547,90.0
86,75.05564880371094,102.95655822753906,115.74356079101562,135.98321533203125,78.96871948242188,78.57823944091797,70.0
87,99.7142333984375,111.7352066040039,104.382568359375,73.46916198730469,96.27922058105469,71.80606842041016,50.0
88,89.444580078125,73.84025573730469,75.90763092041016,75.61274719238281,77.75102996826172,76.55314636230469,30.0
89,89.444580078125,73.84025573730469,75.90763092041016,75.61274719238281,77.75102996826172,76.55314636230469,10.0
90,84.43450927734375,143.48582458496094,93.50751495361328,122.68712615966797,142.49534606933594,106.64702606201172,143.0
91,126.7960205078125,105.34593963623047,99.87535095214844,87.4713363647461,95.73485565185547,89.69965362548828,123.0
92,109.14747619628906,100.00019073486328,110.66226959228516,107.13688659667969,127.21125030517578,105.6400146484375,103.0
93,99.35208129882812,110.4075698852539,109.10449981689453,125.8945083618164,128.17677307128906,111.67362213134766,83.0
94,100.10313415527344,106.06586456298828,105.27249908447266,109.90291595458984,114.24453735351562,113.212890625,63.0
95,98.86712646484375,95.20477294921875,87.84703063964844,82.65283966064453,87.0753402709961,94.1779556274414,43.0
96,89.33367919921875,73.6156997680664,75.38179779052734,75.29165649414062,77.43524932861328,76.23796081542969,23.0
97,89.33367919921875,73.6156997680664,75.38179779052734,75.29165649414062,77.43524932861328,76.23796081542969,3.0
98,111.65531921386719,99.98517608642578,95.69732666015625,100.05953216552734,107.46892547607422,123.0035400390625,150.0
99,110.73069763183594,64.72164916992188,111.82980346679688,112.75016784667969,83.49459838867188,111.0292739868164,140.0
100,111.33741760253906,63.74004364013672,92.964599609375,91.07571411132812,120.40947723388672,84.99649047851562,120.0
101,98.9501953125,94.01445770263672,96.35723114013672,106.73930358886719,136.40655517578125,110.00125885009766,100.0
102,98.46842956542969,102.1253890991211,96.7271957397461,109.34049987792969,117.80268859863281,72.96537780761719,80.0
103,126.58442687988281,120.17676544189453,111.1573257446289,116.40239715576172,111.57929229736328,125.17509460449219,60.0
104,88.99674987792969,73.34437561035156,74.83617401123047,74.8635025024414,76.9457015991211,75.80130767822266,40.0
105,88.99674987792969,73.34437561035156,74.83617401123047,74.8635025024414,76.9457015991211,75.80130767822266,20.0
106,88.99674987792969,73.34437561035156,74.83617401123047,74.8635025024414,76.9457015991211,75.80130767822266,0.0
107,116.32516479492188,108.0640640258789,44.17701721191406,118.43217468261719,112.20446014404297,126.07768249511719,150.0
108,101.17042541503906,43.16828155517578,82.45671081542969,91.38440704345703,91.35733032226562,102.92349243164062,150.0
109,105.0655517578125,87.62554168701172,66.21188354492188,88.25469207763672,94.35304260253906,76.40392303466797,147.0
110,53.76605224609375,72.25741577148438,62.213623046875,44.172000885009766,73.78146362304688,80.45973205566406,127.0
111,68.07183837890625,63.8454475402832,58.26668167114258,90.4206314086914,81.61164093017578,102.79209899902344,107.0
112,85.95660400390625,79.43899536132812,35.692543029785156,95.10578155517578,70.27262115478516,100.3133773803711,87.0
113,90.79653930664062,105.85307312011719,88.80326080322266,96.99459838867188,86.69276428222656,92.81041717529297,67.0
114,88.359619140625,73.18478393554688,74.43687438964844,74.4293212890625,76.3433609008789,75.35382843017578,47.0
115,88.359619140625,73.18478393554688,74.43687438964844,74.4293212890625,76.3433609008789,75.35382843017578,27.0
116,88.359619140625,73.18478393554688,74.43687438964844,74.4293212890625,76.3433609008789,75.35382843017578,7.0
117,96.21479797363281,97.43167114257812,103.10467529296875,82.89732360839844,71.46524047851562,95.27202606201172,150.0
118,69.53521728515625,81.84547424316406,74.32392120361328,83.81031036376953,84.27318572998047,86.51388549804688,150.0
119,94.96223449707031,81.55531311035156,69.87470245361328,91.8076171875,82.16732025146484,97.7410888671875,149.0
120,78.0439453125,77.17481231689453,39.14910888671875,79.15611267089844,59.27823257446289,96.89017486572266,129.0
121,73.87762451171875,91.29440307617188,51.65489196777344,64.38199615478516,58.251914978027344,94.48153686523438,109.0
122,88.76541137695312,93.45016479492188,83.05622863769531,112.71054077148438,66.12507629394531,44.813743591308594,89.0
123,107.02723693847656,114.12987518310547,88.7953109741211,80.58909606933594,85.86763763427734,79.8854751586914,69.0
124,88.08999633789062,73.27828979492188,74.35157775878906,74.23268127441406,76.05238342285156,75.0980453491211,49.0
125,88.08999633789062,73.27828979492188,74.35157775878906,74.23268127441406,76.05238342285156,75.0980453491211,29.0
126,88.08999633789062,73.27828979492188,74.35157775878906,74.23268127441406,76.05238342285156,75.0980453491211,9.0
127,95.0184326171875,91.72993469238281,101.85089874267578,77.14899444580078,74.07708740234375,98.5604476928711,150.0
128,87.5035400390625,101.10441589355469,63.70991516113281,82.650146484375,84.62276458740234,112.7358627319336,150.0
129,81.8397216796875,94.84695434570312,62.37106704711914,104.73371887207031,89.24427032470703,56.11829376220703,135.0
130,53.60711669921875,95.23980712890625,78.30812072753906,86.72429656982422,67.4679183959961,78.29276275634766,115.0
131,82.7938461303711,89.95442199707031,61.632118225097656,83.76374816894531,63.200382232666016,92.13481903076172,95.0
132,65.94767761230469,82.172607421875,76.29010772705078,91.05508422851562,70.51270294189453,83.42501831054688,75.0
133,78.41290283203125,63.20514678955078,73.87019348144531,87.45513153076172,98.08686828613281,104.84142303466797,55.0
134,88.1564712524414,73.52669525146484,74.68364715576172,74.23648834228516,76.06396484375,75.05242919921875,35.0
135,88.1564712524414,73.52669525146484,74.68364715576172,74.23648834228516,76.06396484375,75.05242919921875,15.0
136,109.33219146728516,75.75743865966797,48.276519775390625,72.19515991210938,29.270259857177734,82.7703857421875,138.0
137,59.54618835449219,79.01094055175781,94.37373352050781,74.23648834228516,63.33343505859375,78.59876251220703,118.0
138,55.07379913330078,46.5390625,67.00204467773438,73.47652435302734,65.39727783203125,76.56120300292969,98.0
139,75.3838119506836,82.75562286376953,78.82624053955078,78.85466003417969,64.36781311035156,88.54296112060547,78.0
140,88.49998474121094,94.86983489990234,81.08732604980469,95.02645874023438,78.67813110351562,75.50531768798828,58.0
141,87.94551849365234,73.82752990722656,75.09022521972656,74.31175994873047,76.20390319824219,75.01478576660156,38.0
142,87.94551849365234,73.82752990722656,75.09022521972656,74.31175994873047,76.20390319824219,75.01478576660156,18.0
143,87.83570861816406,143.31668090820312,76.94000244140625,71.30606842041016,88.64730834960938,80.71111297607422,150.0
144,92.21888732910156,85.65392303466797,81.38212585449219,74.62213897705078,70.99478912353516,88.93376159667969,150.0
145,90.50992584228516,90.06694793701172,51.59565734863281,98.14320373535156,81.956298828125,81.84888458251953,135.0
146,91.03243255615234,106.13411712646484,78.68635559082031,79.49789428710938,75.05549621582031,84.69290161132812,115.0
147,80.54103088378906,81.93778991699219,61.41324996948242,93.28230285644531,54.712162017822266,62.711639404296875,95.0
148,79.21686553955078,89.33745574951172,75.81721496582031,87.41887664794922,69.58094787597656,81.6439208984375,75.0
149,114.31393432617188,87.8597640991211,54.26983642578125,88.75523376464844,78.61129760742188,83.76252746582031,55.0
150,87.78823852539062,74.07132720947266,75.66978454589844,74.4866714477539,76.5289077758789,75.15264129638672,35.0
151,87.78823852539062,74.07132720947266,75.66978454589844,74.4866714477539,76.5289077758789,75.15264129638672,15.0
152,50.56080627441406,75.80308532714844,87.74829864501953,74.4866714477539,62.34064483642578,75.15264129638672,150.0
153,75.5335693359375,77.12263488769531,75.27826690673828,69.04595947265625,68.97529602050781,72.88721466064453,150.0
154,79.37921905517578,62.05242156982422,75.49533081054688,64.25480651855469,65.08804321289062,65.49908447265625,142.0
155,62.492218017578125,47.19819259643555,64.68416595458984,70.23969268798828,68.78203582763672,66.903564453125,122.0
156,62.649208068847656,76.75019836425781,80.43114471435547,71.58882904052734,72.68778991699219,68.84434509277344,102.0
157,83.36312103271484,70.47245788574219,61.95689392089844,87.39979553222656,44.20801544189453,88.05986022949219,82.0
158,90.16388702392578,96.81086730957031,77.14859008789062,87.41284942626953,94.01126861572266,90.41132354736328,62.0
159,87.78823852539062,74.07132720947266,75.66978454589844,74.4866714477539,76.5289077758789,75.15264129638672,42.0
160,87.9358139038086,74.54953002929688,76.43724060058594,74.92233276367188,77.09454345703125,75.57357025146484,22.0
161,87.9358139038086,74.54953002929688,76.43724060058594,74.92233276367188,77.09454345703125,75.57357025146484,2.0
162,90.69784545898438,70.0874252319336,82.39126586914062,67.65644073486328,73.45156860351562,66.48582458496094,148.0
163,82.5451889038086,77.78608703613281,85.50297546386719,71.5872802734375,29.767662048339844,71.40473175048828,128.0
164,86.83000946044922,70.6050033569336,50.2765007019043,67.52120971679688,66.27814483642578,68.88632202148438,108.0
165,79.49855041503906,82.36527252197266,79.46490478515625,71.52983093261719,67.56732177734375,68.8974609375,88.0
166,81.51322937011719,78.799560546875,82.22987365722656,93.49339294433594,69.20512390136719,79.33589172363281,68.0
167,79.2807388305664,80.56937408447266,78.30587768554688,82.14984130859375,95.97268676757812,82.99398040771484,48.0
168,87.9358139038086,74.54953002929688,76.43724060058594,74.92233276367188,77.09454345703125,75.57357025146484,28.0
169,87.9358139038086,74.54953002929688,76.43724060058594,74.92233276367188,77.09454345703125,75.57357025146484,8.0
170,55.15908432006836,74.61456298828125,78.81758880615234,76.66123962402344,85.60687255859375,58.11226272583008,127.0
171,79.21857452392578,82.83285522460938,86.61542510986328,72.27676391601562,77.59747314453125,66.44969177246094,107.0
172,92.82255554199219,68.29740905761719,82.23210906982422,67.98687744140625,68.2614517211914,68.8616943359375,87.0
173,65.91729736328125,70.54976654052734,82.25318145751953,67.704833984375,68.90760040283203,67.93272399902344,67.0
174,82.37772369384766,88.38397216796875,95.19511413574219,46.06324005126953,99.14987182617188,103.52447509765625,47.0
175,86.02208709716797,74.77286529541016,76.89851379394531,75.12274169921875,77.37995147705078,75.74395751953125,27.0
176,86.02208709716797,74.77286529541016,76.89851379394531,75.12274169921875,77.37995147705078,75.74395751953125,7.0
177,95.25076293945312,91.28778839111328,88.33403015136719,71.92621612548828,72.6513900756836,86.29474639892578,150.0
178,75.3640365600586,80.82723999023438,84.03654479980469,86.19989013671875,52.166473388671875,82.85248565673828,150.0
179,66.673095703125,69.16326904296875,79.09359741210938,79.48379516601562,74.60752868652344,84.83567810058594,150.0
180,84.37871551513672,64.98670196533203,104.99899291992188,65.72216033935547,82.43209075927734,83.19392395019531,150.0
181,66.09870147705078,80.68464660644531,68.77556610107422,79.04684448242188,80.42306518554688,69.08527374267578,130.0
182,72.37525177001953,72.54916381835938,97.46221160888672,74.86417388916016,77.9996109008789,73.66374206542969,110.0
183,87.85376739501953,83.958251953125,94.65384674072266,79.1928482055664,73.69442749023438,79.02466583251953,90.0
184,84.6435546875,75.19400024414062,77.47332763671875,75.55831909179688,77.8576889038086,76.11292266845703,70.0
185,84.6435546875,75.19400024414062,77.47332763671875,75.55831909179688,77.8576889038086,76.11292266845703,50.0
186,84.6435546875,75.19400024414062,77.47332763671875,75.55831909179688,77.8576889038086,76.11292266845703,30.0
187,87.46776580810547,76.86270904541016,99.79747009277344,82.6301040649414,94.7759017944336,84.30426788330078,150.0
188,92.97122192382812,93.63379669189453,105.99700164794922,83.65576934814453,73.11996459960938,89.09786987304688,150.0
189,87.24497985839844,97.37483978271484,109.51994323730469,80.59236145019531,68.63372802734375,80.46390533447266,139.0
190,95.01551818847656,87.02600860595703,112.07081604003906,80.53038024902344,102.24691772460938,95.31879425048828,119.0
191,91.61238861083984,98.00128173828125,82.27659606933594,100.63530731201172,100.78186798095703,87.78691864013672,99.0
192,71.09325408935547,81.56809997558594,103.25532531738281,57.03562927246094,87.66259765625,77.7479019165039,79.0
193,62.98017883300781,42.85276794433594,97.37199401855469,95.10787200927734,103.93914031982422,75.52188873291016,59.0
194,84.6600341796875,76.07085418701172,78.3773422241211,76.45567321777344,78.79354858398438,76.9913558959961,39.0
195,84.6600341796875,76.07085418701172,78.3773422241211,76.45567321777344,78.79354858398438,76.9913558959961,19.0
196,87.95491027832031,87.50162506103516,97.86872863769531,81.87271881103516,42.6817626953125,74.87142944335938,136.0
197,85.44633483886719,88.2337646484375,101.51211547851562,82.0557632446289,108.5104751586914,84.44960021972656,116.0
198,82.19203186035156,68.66659545898438,102.12814331054688,95.29088592529297,87.33990478515625,41.729698181152344,96.0
199,68.78913879394531,85.380126953125,97.62646484375,73.5333023071289,75.75105285644531,83.45262145996094,76.0
200,53.47269821166992,66.6787338256836,104.51005554199219,92.10923767089844,86.21821594238281,79.6353530883789,56.0
201,84.66168975830078,76.92025756835938,79.07723999023438,77.29306030273438,79.5797119140625,77.86106872558594,36.0
202,84.66168975830078,76.92025756835938,79.07723999023438,77.29306030273438,79.5797119140625,77.86106872558594,16.0
203,88.5334701538086,88.91505432128906,126.10186767578125,92.57838439941406,99.17647552490234,85.54533386230469,145.0
204,102.94147491455078,83.40715026855469,107.6966323852539,86.28207397460938,90.20365142822266,80.33699798583984,125.0
205,79.66741180419922,83.03977966308594,101.28025817871094,97.09278869628906,92.33265686035156,82.75083923339844,105.0
206,72.26643371582031,80.39701080322266,48.31996536254883,83.33236694335938,91.70883178710938,90.68074798583984,85.0
207,87.08028411865234,82.24879455566406,98.30854034423828,44.13272476196289,96.67264556884766,91.29521942138672,65.0
208,62.05378341674805,39.246620178222656,110.38446807861328,69.07078552246094,94.51148223876953,81.2682876586914,45.0
209,84.66168975830078,76.92025756835938,79.07723999023438,77.29306030273438,79.5797119140625,77.86106872558594,25.0
210,84.03544616699219,77.57581329345703,79.3323745727539,77.87522888183594,79.98707580566406,78.43295288085938,5.0
211,106.37603759765625,113.36642456054688,104.44304656982422,83.60259246826172,99.49842834472656,91.50337982177734,143.0
212,85.6275863647461,92.50065612792969,107.08917999267578,84.87060546875,95.92549133300781,90.9339599609375,123.0
213,80.90018463134766,81.833740234375,92.60144805908203,88.55299377441406,99.99310302734375,82.75430297851562,103.0
214,84.62329864501953,83.91948699951172,84.90229034423828,102.58998107910156,81.17350769042969,103.40648651123047,83.0
215,87.22618865966797,57.74397277832031,80.55653381347656,97.66949462890625,74.36416625976562,95.44375610351562,63.0
216,74.3590316772461,56.74789810180664,72.30079650878906,77.87522888183594,78.99726867675781,81.40245819091797,43.0
217,84.03544616699219,77.57581329345703,79.3323745727539,77.87522888183594,79.98707580566406,78.43295288085938,23.0
218,84.03544616699219,77.57581329345703,79.3323745727539,77.87522888183594,79.98707580566406,78.43295288085938,3.0
219,87.76392364501953,94.60626983642578,103.496337890625,108.03592681884766,108.04263305664062,97.15149688720703,150.0
220,73.70793914794922,84.67341613769531,99.03492736816406,87.43928527832031,105.42642211914062,85.25460052490234,150.0
221,78.2503433227539,52.14170455932617,88.99019622802734,89.6800308227539,42.29778289794922,87.92588806152344,134.0
222,78.34090423583984,80.09352111816406,84.79261779785156,94.551513671875,98.68020629882812,81.80744171142578,114.0
223,63.096797943115234,78.03724670410156,88.45389556884766,81.5689468383789,85.89358520507812,83.48857116699219,94.0
224,76.35651397705078,88.04624938964844,74.42871856689453,87.84697723388672,77.62637329101562,68.40032958984375,74.0
225,85.23539733886719,80.47388458251953,72.4876937866211,96.91976165771484,89.06936645507812,87.2114486694336,54.0
226,82.95073699951172,78.03724670410156,79.35321807861328,78.19754791259766,80.13021850585938,78.72461700439453,34.0
227,82.95073699951172,78.03724670410156,79.35321807861328,78.19754791259766,80.13021850585938,78.72461700439453,14.0
228,79.83650207519531,70.52165985107422,86.09487915039062,130.19944763183594,90.20726013183594,85.76824188232422,150.0
229,80.16879272460938,82.2721176147461,83.7548599243164,88.03753662109375,108.73080444335938,83.59982299804688,150.0
230,65.87440490722656,79.41231536865234,83.2382583618164,87.1615219116211,86.63024139404297,81.48250579833984,150.0
231,78.42620849609375,81.97197723388672,90.26020812988281,89.60604858398438,82.49285888671875,78.55536651611328,150.0
232,76.53337860107422,86.67282104492188,77.40159606933594,72.83978271484375,96.23248291015625,75.90008544921875,134.0
233,85.21755981445312,90.702392578125,78.96481323242188,81.20735931396484,83.86370086669922,89.32618713378906,114.0
234,83.90501403808594,76.99083709716797,78.04312896728516,81.8207778930664,71.069091796875,86.24636840820312,94.0
235,82.511962890625,78.7748794555664,79.58011627197266,78.60540008544922,80.419921875,79.23950958251953,74.0
236,82.511962890625,78.7748794555664,79.58011627197266,78.60540008544922,80.419921875,79.23950958251953,54.0
237,82.511962890625,78.7748794555664,79.58011627197266,78.60540008544922,80.419921875,79.23950958251953,34.0
238,85.26959991455078,102.75438690185547,75.3831787109375,108.2790756225586,97.8643798828125,89.62125396728516,150.0
239,83.2139663696289,83.47135162353516,88.12032318115234,89.31770324707031,93.43816375732422,75.87709045410156,150.0
240,88.6268539428711,78.6639404296875,81.76605987548828,53.44116973876953,93.46444702148438,96.41233825683594,131.0
241,85.77330017089844,89.61371612548828,48.40812301635742,94.62278747558594,75.3785400390625,92.47920227050781,111.0
242,103.74348449707031,102.26740264892578,77.87859344482422,98.90524291992188,92.21881866455078,90.56624603271484,91.0
243,84.53034973144531,84.37016296386719,75.64959716796875,67.8033218383789,85.86616516113281,102.63302612304688,71.0
244,83.3795394897461,79.95669555664062,49.488555908203125,70.46560668945312,81.2956771850586,80.25723266601562,51.0
245,83.3795394897461,79.95669555664062,80.30116271972656,79.45545196533203,81.16996002197266,80.25723266601562,31.0
246,83.3795394897461,79.95669555664062,80.30116271972656,79.45545196533203,81.16996002197266,80.25723266601562,11.0
247,100.11065673828125,83.62232971191406,74.50816345214844,56.93984603881836,95.8259506225586,93.51780700683594,150.0
248,96.670166015625,95.78587341308594,77.62126922607422,95.18151092529297,90.51519775390625,52.92762756347656,150.0
249,88.5105209350586,94.80900573730469,84.2503890991211,91.88716125488281,110.62464141845703,109.67310333251953,140.0
250,97.18311309814453,106.16831970214844,76.91047668457031,96.38180541992188,99.4050064086914,99.00762939453125,120.0
251,104.21300506591797,90.73851013183594,87.79683685302734,91.34819030761719,97.73780822753906,99.62091064453125,100.0
252,110.15528106689453,75.99784851074219,80.9581527709961,98.84634399414062,93.09803009033203,69.70198059082031,80.0
253,92.20873260498047,68.70735168457031,85.87834167480469,91.92683410644531,97.63005065917969,86.7839126586914,60.0
254,84.5793228149414,81.20433044433594,81.19329071044922,80.441162109375,81.97026824951172,81.30762481689453,40.0
255,84.5793228149414,81.20433044433594,81.19329071044922,80.441162109375,81.97026824951172,81.30762481689453,20.0
256,84.5793228149414,81.20433044433594,81.19329071044922,80.441162109375,81.97026824951172,81.30762481689453,0.0
257,63.67467498779297,112.80563354492188,105.05326080322266,110.51521301269531,105.09081268310547,109.95004272460938,150.0
258,36.51394271850586,109.44490814208984,79.85511016845703,81.2393798828125,86.88024139404297,83.9459457397461,150.0
259,108.04197692871094,87.68126678466797,95.38529205322266,95.88480377197266,106.58911895751953,115.67394256591797,135.0
260,107.83457946777344,119.56854248046875,89.73896789550781,95.39549255371094,87.4649658203125,102.48382568359375,115.0
261,114.19461059570312,118.1844711303711,78.400146484375,96.08726501464844,96.7220458984375,95.66988372802734,95.0
262,77.81118774414062,97.4921646118164,84.33999633789062,85.06852722167969,94.61062622070312,106.76693725585938,75.0
263,99.49586486816406,100.46056365966797,58.41381072998047,67.21139526367188,77.78983306884766,76.9871826171875,55.0
264,85.66535186767578,82.3052749633789,82.02078247070312,81.28778076171875,82.61312103271484,82.19255065917969,35.0
265,85.66535186767578,82.3052749633789,82.02078247070312,81.28778076171875,82.61312103271484,82.19255065917969,15.0
266,112.1021499633789,114.67424774169922,92.43351745605469,111.09466552734375,122.98969268798828,106.27157592773438,150.0
267,132.8711395263672,108.81068420410156,95.14939880371094,104.07748413085938,98.63521575927734,94.31526184082031,141.0
268,109.046875,109.89033508300781,68.48794555664062,100.27906799316406,100.11524963378906,90.7833480834961,121.0
269,119.40928649902344,112.7331314086914,89.43519592285156,95.39114379882812,96.4228515625,93.3819351196289,101.0
270,114.58477020263672,91.54141235351562,94.94004821777344,89.68482208251953,83.59417724609375,86.18596649169922,81.0
271,104.4893569946289,108.200439453125,97.21452331542969,107.09941864013672,92.62619018554688,103.49969482421875,61.0
272,86.61174011230469,83.16290283203125,82.87969970703125,82.05382537841797,83.1661376953125,82.98284912109375,41.0
273,86.61174011230469,83.16290283203125,82.87969970703125,82.05382537841797,83.1661376953125,82.98284912109375,21.0
274,86.61174011230469,83.16290283203125,82.87969970703125,82.05382537841797,83.1661376953125,82.98284912109375,1.0
275,111.80859375,98.54978942871094,97.72015380859375,121.159423828125,93.63095092773438,110.91533660888672,138.0
276,91.7140121459961,89.45179748535156,92.33441162109375,102.89752197265625,96.99911499023438,114.169677734375,118.0
277,108.47712707519531,99.81448364257812,82.87969970703125,102.0671615600586,92.15464782714844,90.70738983154297,98.0
278,93.7609634399414,99.69563293457031,84.31283569335938,107.23699951171875,84.81990051269531,52.07984924316406,78.0
279,101.07471466064453,89.6226806640625,97.77446746826172,84.7104721069336,99.1800537109375,116.07876586914062,58.0
280,86.43103790283203,83.56111907958984,83.29882049560547,82.30683898925781,83.33631896972656,83.27619171142578,38.0
281,86.43103790283203,83.56111907958984,83.29882049560547,82.30683898925781,83.33631896972656,83.27619171142578,18.0
282,101.53023529052734,106.7007064819336,36.36331558227539,99.83041381835938,119.74383544921875,97.88842010498047,150.0
283,36.86711120605469,104.51432800292969,104.13473510742188,96.58091735839844,107.83026123046875,98.59397888183594,130.0
284,90.19331359863281,97.69956970214844,102.77572631835938,53.97738265991211,97.81196594238281,100.37714385986328,110.0
285,83.22274017333984,122.30335235595703,61.068389892578125,86.06300354003906,82.263916015625,91.26134490966797,90.0
286,90.68359375,97.3746109008789,80.88257598876953,81.46774291992188,65.74168395996094,50.6909065246582,70.0
287,92.20774841308594,89.645263671875,57.2716064453125,83.31448364257812,78.98823547363281,84.03575134277344,50.0
288,86.43103790283203,83.56111907958984,83.29882049560547,82.30683898925781,83.33631896972656,83.27619171142578,30.0
289,86.43103790283203,83.56111907958984,83.29882049560547,82.30683898925781,83.33631896972656,83.27619171142578,10.0
290,97.73998260498047,94.403564453125,96.70315551757812,72.8225326538086,96.81663513183594,97.4677505493164,150.0
291,90.5494613647461,106.5779800415039,97.22062683105469,98.82553100585938,88.25531768798828,88.6771240234375,150.0
292,90.2594985961914,80.79070281982422,85.09699249267578,78.7988052368164,76.19036865234375,102.85574340820312,134.0
293,77.45980834960938,94.30028533935547,83.7640151977539,86.73030090332031,83.48004150390625,85.96890258789062,114.0
294,78.61029052734375,104.19757843017578,82.13905334472656,83.5634994506836,49.99761962890625,80.22125244140625,94.0
295,70.46990966796875,86.0435562133789,82.05307006835938,73.88148498535156,71.42071533203125,81.43307495117188,74.0
296,85.33065795898438,102.3899154663086,89.26959228515625,71.91036224365234,51.5060920715332,91.42842102050781,54.0
297,85.21363067626953,83.47163391113281,83.42112731933594,82.25679016113281,83.11019134521484,83.20282745361328,34.0
298,85.21363067626953,83.47163391113281,83.42112731933594,82.25679016113281,83.11019134521484,83.20282745361328,14.0
299,87.77196502685547,39.633941650390625,97.17130279541016,82.22400665283203,93.8608169555664,91.91364288330078,108.0
300,60.85013961791992,75.63847351074219,81.07186126708984,72.24151611328125,67.51113891601562,79.48470306396484,88.0
301,65.96969604492188,67.3590087890625,83.55250549316406,73.35467529296875,74.01219940185547,81.09361267089844,68.0
302,42.92965316772461,74.66699981689453,83.14290618896484,51.014068603515625,66.09587860107422,87.65062713623047,48.0
303,84.38516235351562,83.44966888427734,83.62030029296875,82.37640380859375,83.07867431640625,83.2211685180664,28.0
304,84.38516235351562,83.44966888427734,83.62030029296875,82.37640380859375,83.07867431640625,83.2211685180664,8.0
305,53.35557174682617,74.70193481445312,100.34651947021484,80.4771499633789,101.48426818847656,91.19022369384766,150.0
306,68.4654312133789,56.93000030517578,88.53693389892578,72.7509994506836,78.24502563476562,86.32821655273438,148.0
307,68.04959869384766,66.5899887084961,89.1949691772461,78.25218200683594,71.52576446533203,86.97305297851562,128.0
308,74.7937240600586,63.00993347167969,68.20817565917969,64.35751342773438,61.46216583251953,85.30995178222656,108.0
309,72.35353088378906,65.27264404296875,83.97327423095703,69.4760513305664,55.09545135498047,84.50607299804688,88.0
310,68.42230987548828,77.99945068359375,70.1199722290039,81.42166900634766,52.795066833496094,81.53739166259766,68.0
311,83.82135009765625,58.7022705078125,46.29424285888672,70.1615982055664,69.4941177368164,81.93517303466797,48.0
312,83.82135009765625,83.57901000976562,83.82196807861328,82.62828826904297,83.16712188720703,83.26583099365234,28.0
313,83.82135009765625,83.57901000976562,83.82196807861328,82.62828826904297,83.16712188720703,83.26583099365234,8.0
314,44.20450210571289,65.33135986328125,84.43440246582031,71.0085220336914,75.52914428710938,49.25043869018555,150.0
315,67.49825286865234,59.3972282409668,88.96330261230469,71.77346801757812,71.91162109375,73.13692474365234,150.0
316,64.75398254394531,71.24217224121094,64.84464263916016,66.72463989257812,35.10838317871094,72.28743743896484,150.0
317,63.86502456665039,57.24892044067383,79.33769226074219,75.06036376953125,65.07083892822266,70.36624908447266,136.0
318,40.46759033203125,55.514705657958984,85.43843078613281,73.70176696777344,72.79058074951172,65.74652862548828,116.0
319,46.273136138916016,69.4391098022461,76.68734741210938,75.64366149902344,74.84274291992188,75.98190307617188,96.0
320,72.94518280029297,67.63963317871094,97.0916519165039,73.70002746582031,70.94442749023438,106.99877166748047,76.0
321,83.9186782836914,84.02610778808594,84.25775909423828,83.13783264160156,83.56421661376953,83.5964584350586,56.0
322,83.9186782836914,84.02610778808594,84.25775909423828,83.13783264160156,83.56421661376953,83.5964584350586,36.0
323,83.9186782836914,84.02610778808594,84.25775909423828,83.13783264160156,83.56421661376953,83.5964584350586,16.0
324,73.46795654296875,61.240966796875,86.2520751953125,72.92399597167969,62.44826126098633,74.52648162841797,150.0
325,60.59335708618164,63.34349822998047,88.04158020019531,70.91360473632812,25.52899932861328,73.6348876953125,150.0
326,77.68233489990234,59.55093002319336,84.02361297607422,68.56340789794922,35.03841781616211,66.89228057861328,136.0
327,68.58338928222656,66.20932006835938,67.7244644165039,85.3819808959961,69.05374145507812,70.34767150878906,116.0
328,44.00785827636719,58.02138900756836,54.686485290527344,79.21693420410156,70.2724838256836,75.5574951171875,96.0
329,52.57234573364258,71.37562561035156,47.06082534790039,56.89137268066406,73.2159423828125,85.99124145507812,76.0
330,148.52040100097656,74.29058074951172,78.34894561767578,77.08525085449219,83.3458023071289,93.47718811035156,56.0
331,84.40403747558594,84.66697692871094,84.79043579101562,83.79741668701172,84.14820098876953,84.04278564453125,36.0
332,84.40403747558594,84.66697692871094,84.79043579101562,83.79741668701172,84.14820098876953,84.04278564453125,16.0
333,86.78876495361328,62.31212615966797,82.7120590209961,72.70742797851562,59.81780242919922,85.02690124511719,150.0
334,72.10526275634766,65.40367126464844,72.0045394897461,76.39657592773438,72.61853790283203,73.56681823730469,150.0
335,100.93094635009766,62.01948547363281,75.60623168945312,69.523681640625,34.120574951171875,71.88847351074219,147.0
336,78.86741638183594,68.05430603027344,80.72465515136719,57.58226776123047,69.1283950805664,75.92555236816406,127.0
337,69.53368377685547,66.79598236083984,79.46473693847656,64.69136810302734,70.85355377197266,77.62364196777344,107.0
338,74.75144958496094,69.9394760131836,81.45775604248047,77.28490447998047,63.03496170043945,55.53670120239258,87.0
339,79.78479766845703,81.28376007080078,88.36270904541016,73.69979858398438,84.7614974975586,79.70738220214844,67.0
340,83.85198974609375,85.50151062011719,85.4511489868164,84.64764404296875,84.91873168945312,84.66256713867188,47.0
341,83.85198974609375,85.50151062011719,85.4511489868164,84.64764404296875,84.91873168945312,84.66256713867188,27.0
342,83.85198974609375,85.50151062011719,85.4511489868164,84.64764404296875,84.91873168945312,84.66256713867188,7.0
343,89.09764862060547,77.78158569335938,75.96475219726562,90.12864685058594,102.62086486816406,82.34132385253906,150.0
344,101.65402221679688,73.02042388916016,91.48619079589844,80.9596176147461,77.8073959350586,85.08055114746094,150.0
345,80.39810180664062,80.18092346191406,97.69930267333984,83.24042510986328,72.33560180664062,65.89501953125,132.0
346,80.35330963134766,76.26007843017578,87.57330322265625,103.0188217163086,82.77351379394531,76.86294555664062,112.0
347,76.89537811279297,74.7638168334961,80.52413177490234,60.7476921081543,47.9777946472168,80.56083679199219,92.0
348,83.78032684326172,88.16594696044922,85.81027221679688,81.8497085571289,86.62503814697266,80.85263061523438,72.0
349,54.15027618408203,43.91242218017578,71.10169219970703,65.0154037475586,76.74707794189453,79.58538818359375,52.0
350,83.41129302978516,86.30211639404297,86.02770233154297,85.41934967041016,85.62688446044922,85.2576904296875,32.0
351,83.41129302978516,86.30211639404297,86.02770233154297,85.41934967041016,85.62688446044922,85.2576904296875,12.0
352,96.4488754272461,80.9393081665039,83.75418090820312,90.93905639648438,29.91381072998047,86.67463684082031,138.0
353,92.25836181640625,81.69241333007812,106.46746826171875,95.21540832519531,37.60178756713867,83.18925476074219,118.0
354,97.18390655517578,73.70909118652344,95.77030944824219,97.16438293457031,78.43569946289062,96.34556579589844,98.0
355,86.37577056884766,80.0403823852539,89.03468322753906,89.21345520019531,90.19184112548828,66.48462677001953,78.0
356,86.37910461425781,67.54019165039062,72.99867248535156,100.46407318115234,78.17630004882812,74.42445373535156,58.0
357,83.41129302978516,86.30211639404297,86.02770233154297,85.41934967041016,85.62688446044922,85.2576904296875,38.0
358,83.41129302978516,86.30211639404297,86.02770233154297,85.41934967041016,85.62688446044922,85.2576904296875,18.0
359,70.42925262451172,81.25499725341797,80.82320404052734,93.27727508544922,71.5970458984375,81.76795959472656,150.0
360,97.22157287597656,89.14630889892578,98.59086608886719,86.28992462158203,87.5060806274414,86.00431060791016,150.0
361,93.24286651611328,83.77181243896484,83.90910339355469,90.73603057861328,92.49241638183594,44.163917541503906,150.0
362,80.0435562133789,89.37979888916016,91.55648803710938,88.90718841552734,89.41764068603516,85.96505737304688,150.0
363,59.78113555908203,89.9699935913086,78.82192993164062,89.88404083251953,90.10057830810547,89.98463439941406,150.0
364,82.46588134765625,79.9783935546875,82.0495834350586,80.06088256835938,101.9294204711914,88.83226776123047,136.0
365,68.76480102539062,75.99913787841797,116.87310028076172,89.49491119384766,99.18936157226562,85.765869140625,116.0
366,82.60649108886719,86.80445861816406,86.28125,85.81513214111328,86.10653686523438,85.57475280761719,96.0
367,82.60649108886719,86.80445861816406,86.28125,85.81513214111328,86.10653686523438,85.57475280761719,76.0
368,82.60649108886719,86.80445861816406,86.28125,85.81513214111328,86.10653686523438,85.57475280761719,56.0
369,90.40020751953125,39.450538635253906,77.73698425292969,109.40352630615234,99.82353973388672,87.28363800048828,150.0
370,113.02528381347656,102.76419830322266,97.39393615722656,105.18574523925781,97.39334869384766,90.92620086669922,150.0
371,75.67524719238281,35.45691680908203,96.31657409667969,119.74200439453125,54.250389099121094,105.12641143798828,150.0
372,95.45376586914062,84.09565734863281,93.39212036132812,95.96307373046875,87.18809509277344,96.60501098632812,134.0
373,96.03547668457031,111.22819519042969,74.07728576660156,99.332275390625,85.79414367675781,90.10414123535156,114.0
374,96.37201690673828,92.29293823242188,86.28630065917969,106.38047790527344,59.527103424072266,102.45407104492188,94.0
375,63.51629638671875,106.65994262695312,107.6331787109375,66.60424041748047,88.65869903564453,81.56716918945312,74.0
376,83.1293716430664,87.98394012451172,87.12969970703125,86.81684875488281,87.18809509277344,86.57638549804688,54.0
377,83.1293716430664,87.98394012451172,87.12969970703125,86.81684875488281,87.18809509277344,86.57638549804688,34.0
378,83.1293716430664,87.98394012451172,87.12969970703125,86.81684875488281,87.18809509277344,86.57638549804688,14.0
379,105.67520904541016,105.00524139404297,89.39918518066406,109.25616455078125,98.98221588134766,74.43023681640625,150.0
380,109.449951171875,41.43102264404297,66.877197265625,131.42466735839844,121.61042022705078,88.38240814208984,150.0
381,117.77381134033203,126.29559326171875,107.46070861816406,115.08045196533203,104.7229232788086,83.91510009765625,150.0
382,104.03964233398438,134.6642303466797,115.26314544677734,86.89514923095703,115.39307403564453,100.32411193847656,135.0
383,95.97925567626953,103.15596771240234,103.0486831665039,101.970703125,80.36295318603516,87.29732513427734,115.0
384,89.17851257324219,90.93045043945312,97.584716796875,112.18309020996094,134.39846801757812,109.60917663574219,95.0
385,78.00682067871094,69.2281723022461,105.4787826538086,91.1380386352539,104.64241027832031,95.78402709960938,75.0
386,83.92137145996094,89.15116119384766,88.02837371826172,87.77216339111328,88.37129974365234,87.61975860595703,55.0
387,83.92137145996094,89.15116119384766,88.02837371826172,87.77216339111328,88.37129974365234,87.61975860595703,35.0
388,83.92137145996094,89.15116119384766,88.02837371826172,87.77216339111328,88.37129974365234,87.61975860595703,15.0
389,166.31134033203125,112.17520141601562,120.48968505859375,66.58820343017578,138.26925659179688,118.31785583496094,150.0
390,71.27883911132812,130.25608825683594,125.91822814941406,115.2218017578125,148.86126708984375,68.37293243408203,150.0
391,119.48339080810547,124.06648254394531,124.34656524658203,116.12545013427734,159.81301879882812,74.70344543457031,138.0
392,123.26795196533203,120.84502410888672,105.36521911621094,116.06283569335938,125.94181060791016,113.7876968383789,118.0
393,122.11442565917969,136.5799102783203,114.3989486694336,120.26630401611328,120.45020294189453,110.03607177734375,98.0
394,100.33330535888672,127.87405395507812,106.65833282470703,117.79405975341797,104.88971710205078,118.61481475830078,78.0
395,55.94915008544922,105.48338317871094,113.61494445800781,55.70333480834961,106.69776916503906,108.0677261352539,58.0
396,84.7961196899414,90.2446517944336,88.88228607177734,88.6705322265625,89.34849548339844,88.6475601196289,38.0
397,84.7961196899414,90.2446517944336,88.88228607177734,88.6705322265625,89.34849548339844,88.6475601196289,18.0
398,128.79725646972656,109.86331939697266,120.5451431274414,128.60369873046875,138.94061279296875,122.65115356445312,150.0
399,89.06489562988281,133.37799072265625,133.77830505371094,138.32977294921875,137.8726806640625,131.55722045898438,150.0
400,130.54611206054688,127.9674301147461,112.12628936767578,105.71949005126953,127.92511749267578,135.54458618164062,150.0
401,128.23236083984375,108.804443359375,126.07444763183594,107.87679290771484,120.39659881591797,114.0208511352539,133.0
402,123.92679595947266,133.94915771484375,121.83718872070312,95.56043243408203,123.02325439453125,117.61892700195312,113.0
403,110.73445129394531,127.8447265625,113.11766052246094,97.3759994506836,128.02017211914062,131.19094848632812,93.0
404,99.45143127441406,127.82266235351562,100.86416625976562,119.55659484863281,119.98847198486328,125.08811950683594,73.0
405,85.75119018554688,91.04969024658203,89.53143310546875,89.34513092041016,89.89859008789062,89.53352355957031,53.0
406,85.75119018554688,91.04969024658203,89.53143310546875,89.34513092041016,89.89859008789062,89.53352355957031,33.0
407,85.75119018554688,91.04969024658203,89.53143310546875,89.34513092041016,89.89859008789062,89.53352355957031,13.0
408,81.83753204345703,129.4309844970703,116.43370819091797,76.49662017822266,128.5653533935547,130.37257385253906,150.0
409,122.96790313720703,116.74421691894531,110.91407775878906,113.62360382080078,127.22189331054688,128.12042236328125,150.0
410,118.59414672851562,105.5431900024414,63.39268112182617,114.72164916992188,114.22373962402344,104.90599822998047,150.0
411,108.97390747070312,116.48929595947266,89.46760559082031,100.23384094238281,111.46551513671875,126.91738891601562,133.0
412,62.864383697509766,127.99776458740234,109.82449340820312,253.19140625,88.82899475097656,108.92072296142578,113.0
413,111.36293029785156,117.09461212158203,68.9543228149414,104.2668685913086,111.15679931640625,124.09941864013672,93.0
414,86.95440673828125,106.22772216796875,111.32402038574219,102.51943969726562,114.87309265136719,86.40613555908203,73.0
415,86.69996643066406,91.50416564941406,90.02571105957031,89.95535278320312,90.16401672363281,90.06941223144531,53.0
416,86.69996643066406,91.50416564941406,90.02571105957031,89.95535278320312,90.16401672363281,90.06941223144531,33.0
417,86.69996643066406,91.50416564941406,90.02571105957031,89.95535278320312,90.16401672363281,90.06941223144531,13.0
418,136.13877868652344,153.26356506347656,133.27516174316406,123.96827697753906,136.78555297851562,134.42556762695312,150.0
419,120.330810546875,92.96488952636719,128.58023071289062,135.04139709472656,92.41966247558594,143.69049072265625,150.0
420,97.05846405029297,107.00249481201172,97.25703430175781,100.33964538574219,96.89319610595703,116.59288024902344,135.0
421,98.4900131225586,104.0229263305664,87.23682403564453,99.56037902832031,74.71630096435547,106.81452941894531,115.0
422,98.82899475097656,103.71947479248047,98.21431732177734,80.13955688476562,94.38219451904297,78.16991424560547,95.0
423,93.8687973022461,99.85718536376953,76.47796630859375,95.37571716308594,91.19340515136719,86.45478820800781,75.0
424,89.99600982666016,94.57524108886719,87.21495819091797,102.7161865234375,96.37541198730469,101.08824920654297,55.0
425,87.67973327636719,91.74852752685547,90.44791412353516,88.78145599365234,90.31050109863281,90.35224151611328,35.0
426,87.67973327636719,91.74852752685547,90.44791412353516,88.78145599365234,90.31050109863281,90.35224151611328,15.0
427,98.0337142944336,100.06607818603516,89.88333892822266,92.32144927978516,98.03101348876953,112.39736938476562,150.0
428,94.47752380371094,95.00849914550781,86.54174041748047,85.00614929199219,99.11650848388672,108.34290313720703,150.0
429,98.46526336669922,105.8416748046875,75.28058624267578,108.44683837890625,66.96639251708984,103.24415588378906,150.0
430,104.28558349609375,88.5894546508789,88.90247344970703,95.20201110839844,72.43900299072266,93.94698333740234,150.0
431,92.22083282470703,91.00191497802734,88.39581298828125,100.65805053710938,76.01166534423828,99.44052124023438,150.0
432,82.93612670898438,64.00086975097656,81.37222290039062,94.72410583496094,95.00769805908203,100.26956939697266,137.0
433,62.5639533996582,79.10096740722656,87.36166381835938,109.69740295410156,111.12803649902344,115.12714385986328,117.0
434,88.7585678100586,91.98330688476562,90.95730590820312,87.79076385498047,90.55503845214844,90.59856414794922,97.0
435,88.7585678100586,91.98330688476562,90.95730590820312,87.79076385498047,90.55503845214844,90.59856414794922,77.0
436,88.7585678100586,91.98330688476562,90.95730590820312,87.79076385498047,90.55503845214844,90.59856414794922,57.0
437,112.13188171386719,97.41039276123047,105.26904296875,98.0250015258789,67.16098022460938,82.28578186035156,150.0
438,109.24927520751953,96.569091796875,95.61042785644531,101.18901062011719,97.18255615234375,59.337127685546875,150.0
439,108.27798461914062,91.56851959228516,70.01024627685547,103.30389404296875,97.44972229003906,102.07998657226562,133.0
440,93.01638793945312,84.92034149169922,87.1005630493164,89.41461181640625,87.01766204833984,98.75151062011719,113.0
441,99.53949737548828,91.4372787475586,99.28825378417969,75.8879165649414,88.16060638427734,76.43363952636719,93.0
442,89.02482604980469,80.98958587646484,78.96522521972656,70.7933578491211,83.83438873291016,67.46493530273438,73.0
443,89.15229034423828,96.13977813720703,48.67432403564453,93.31616973876953,46.74964904785156,92.81350708007812,53.0
444,90.79515838623047,92.85063934326172,92.01528930664062,87.4269027709961,91.38245391845703,91.39431762695312,33.0
445,90.79515838623047,92.85063934326172,92.01528930664062,87.4269027709961,91.38245391845703,91.39431762695312,13.0
446,94.61763000488281,58.18147277832031,51.556922912597656,98.00603485107422,79.85661315917969,91.84161376953125,117.0
447,92.21067810058594,72.28263854980469,85.3504867553711,86.49034881591797,58.764495849609375,94.50529479980469,97.0
448,90.46530151367188,72.60939025878906,45.52635192871094,84.99324035644531,79.44115447998047,70.4807357788086,77.0
449,79.15064239501953,81.16229248046875,95.54115295410156,84.59606170654297,91.08194732666016,84.57501220703125,57.0
450,67.57002258300781,80.72188568115234,62.00140380859375,79.12669372558594,77.47311401367188,56.135921478271484,37.0
451,92.16908264160156,93.38957977294922,92.78231048583984,86.8784408569336,91.92658233642578,91.8462905883789,17.0
452,86.96701049804688,87.37954711914062,75.653076171875,83.6727523803711,70.11582946777344,30.98055648803711,127.0
453,79.24544525146484,67.27989196777344,81.57199096679688,75.17131042480469,82.2457046508789,69.81546020507812,107.0
454,81.26390838623047,85.0206069946289,84.80096435546875,78.1268539428711,69.33922576904297,71.30004119873047,87.0
455,80.3084716796875,50.980262756347656,78.25304412841797,84.20649719238281,66.99132537841797,81.63811492919922,67.0
456,76.75508880615234,40.68836975097656,81.4526138305664,96.24559020996094,88.5727767944336,88.19392395019531,47.0
457,92.16908264160156,93.38957977294922,92.78231048583984,86.8784408569336,91.92658233642578,91.8462905883789,27.0
458,92.16908264160156,93.38957977294922,92.78231048583984,86.8784408569336,91.92658233642578,91.8462905883789,7.0
459,61.17158508300781,97.57736206054688,84.17498779296875,86.82872009277344,58.316436767578125,78.73965454101562,150.0
460,50.434696197509766,89.37327575683594,75.01568603515625,78.13003540039062,62.118751525878906,96.9977035522461,150.0
461,90.31387329101562,65.33157348632812,102.82368469238281,72.66448974609375,71.54020690917969,72.81099700927734,150.0
462,84.54466247558594,65.52955627441406,87.36727142333984,73.06307220458984,54.9293098449707,41.90284729003906,150.0
463,67.8650131225586,61.76365661621094,85.6259994506836,34.244564056396484,53.857269287109375,84.78312683105469,131.0
464,91.91624450683594,71.80782318115234,68.44480895996094,51.31889343261719,81.47173309326172,86.10005187988281,111.0
465,69.11418914794922,84.17266845703125,85.959228515625,93.19989013671875,72.179443359375,89.50933837890625,91.0
466,92.61021423339844,93.46741485595703,93.11016845703125,86.06188201904297,92.0872802734375,91.9472885131836,71.0
467,92.61021423339844,93.46741485595703,93.11016845703125,86.06188201904297,92.0872802734375,91.9472885131836,51.0
468,92.61021423339844,93.46741485595703,93.11016845703125,86.06188201904297,92.0872802734375,91.9472885131836,31.0
469,78.05352020263672,71.39894104003906,83.04715728759766,77.01610565185547,43.052154541015625,86.61121368408203,150.0
470,49.375343322753906,68.34119415283203,88.09260559082031,74.54000854492188,68.87799072265625,59.72182083129883,132.0
471,102.30000305175781,69.33930969238281,81.48799896240234,71.55235290527344,69.87223815917969,56.80368423461914,112.0
472,93.66092681884766,64.62012481689453,84.11283874511719,72.28240203857422,73.420654296875,63.629241943359375,92.0
473,66.6627197265625,63.35485076904297,86.05606079101562,58.19824981689453,57.70591354370117,73.64544677734375,72.0
474,78.67156982421875,48.11679458618164,68.7244644165039,62.546268463134766,86.11962127685547,92.7623291015625,52.0
475,93.66092681884766,93.9693832397461,93.75402069091797,85.77129364013672,92.68560028076172,92.42671203613281,32.0
476,93.66092681884766,93.9693832397461,93.75402069091797,85.77129364013672,92.68560028076172,92.42671203613281,12.0
477,93.66092681884766,97.43460845947266,83.20104217529297,73.408203125,67.32899475097656,70.16719055175781,150.0
478,70.28658294677734,68.59663391113281,69.71593475341797,85.77129364013672,78.21456909179688,68.65145111083984,145.0
479,53.187400817871094,55.50326156616211,88.3517074584961,74.23375701904297,66.97039031982422,92.42671203613281,125.0
480,74.62023162841797,73.16326141357422,102.98794555664062,73.90643310546875,64.35456848144531,40.06557846069336,105.0
481,68.31074523925781,66.3291015625,84.18421936035156,71.34992980957031,82.46160125732422,61.28828048706055,85.0
482,72.34986114501953,77.82434844970703,57.82946014404297,83.34396362304688,85.8959732055664,72.10792541503906,65.0
483,94.65310668945312,94.56987762451172,94.40486145019531,85.72359466552734,93.38713836669922,93.0107421875,45.0
484,94.65310668945312,94.56987762451172,94.40486145019531,85.72359466552734,93.38713836669922,93.0107421875,25.0
485,94.65310668945312,94.56987762451172,94.40486145019531,85.72359466552734,93.38713836669922,93.0107421875,5.0
486,80.4548568725586,60.00687789916992,86.17961120605469,85.72359466552734,77.68737030029297,70.37869262695312,150.0
487,39.22508239746094,70.6017074584961,89.09690856933594,33.51176452636719,87.8348388671875,73.49507141113281,140.0
488,66.73771667480469,77.93904113769531,92.28120422363281,61.29668426513672,67.8093032836914,69.97520446777344,120.0
489,62.44983673095703,72.16683197021484,82.2384033203125,75.5550765991211,70.82390594482422,63.697757720947266,100.0
490,72.30294036865234,85.51516723632812,92.28266906738281,60.4395866394043,93.92302703857422,70.70787048339844,80.0
491,79.89144134521484,63.63629150390625,77.60334014892578,73.78307342529297,95.61214447021484,85.54150390625,60.0
492,95.29409790039062,95.04988098144531,94.85095977783203,85.72685241699219,93.96156311035156,93.5514907836914,40.0
493,95.29409790039062,95.04988098144531,94.85095977783203,85.72685241699219,93.96156311035156,93.5514907836914,20.0
494,95.29409790039062,95.04988098144531,94.85095977783203,85.72685241699219,93.96156311035156,93.5514907836914,0.0
495,82.82625579833984,92.38674926757812,119.6029281616211,84.39667510986328,86.52589416503906,74.3173599243164,150.0
496,90.46122741699219,84.18062591552734,107.42804718017578,75.41850280761719,86.7710952758789,73.08976745605469,134.0
497,75.91313171386719,80.1063232421875,102.13900756835938,75.31103515625,70.4081039428711,81.72306060791016,114.0
498,70.27099609375,75.19480895996094,71.38168334960938,70.8292007446289,91.71562957763672,73.03069305419922,94.0
499,61.544044494628906,71.43377685546875,89.5953598022461,71.20551300048828,83.01016235351562,70.62556457519531,74.0
500,94.43207550048828,88.7109603881836,68.75857543945312,91.88253021240234,92.0611801147461,88.86085510253906,54.0
501,95.27730560302734,95.20838928222656,94.88729095458984,85.6591567993164,94.18836212158203,93.85530853271484,34.0
502,95.27730560302734,95.20838928222656,94.88729095458984,85.6591567993164,94.18836212158203,93.85530853271484,14.0
503,73.07705688476562,79.86405944824219,87.35069274902344,71.85569763183594,86.52706146240234,79.60684204101562,150.0
504,69.11795806884766,82.07401275634766,76.32842254638672,87.81832122802734,67.37001037597656,67.4682846069336,150.0
505,85.07610321044922,80.65956115722656,95.725341796875,75.2874526977539,85.49116516113281,77.71212768554688,150.0
506,95.59227752685547,85.04292297363281,97.36506652832031,79.16654205322266,97.18889617919922,78.53802490234375,150.0
507,85.61518096923828,53.66798400878906,91.26270294189453,86.94801330566406,67.30496215820312,104.32089233398438,150.0
508,81.61772918701172,63.638771057128906,75.33426666259766,105.11148071289062,80.77190399169922,90.76786041259766,150.0
509,75.85668182373047,92.81133270263672,111.9446029663086,113.7339859008789,85.3637466430664,61.5633659362793,143.0
510,95.8981704711914,95.79386138916016,95.2851333618164,86.00569152832031,94.80571746826172,94.56400299072266,123.0
511,95.8981704711914,95.79386138916016,95.2851333618164,86.00569152832031,94.80571746826172,94.56400299072266,103.0
512,95.8981704711914,95.79386138916016,95.2851333618164,86.00569152832031,94.80571746826172,94.56400299072266,83.0
513,101.67326354980469,95.71015930175781,113.66757202148438,104.6694564819336,94.66303253173828,92.2427749633789,133.0
514,86.17672729492188,103.67724609375,106.6959457397461,72.47986602783203,94.27073669433594,91.53840637207031,113.0
515,83.94925689697266,104.4513168334961,91.88419342041016,95.26407623291016,85.84857940673828,71.48441314697266,93.0
516,82.33590698242188,91.77062225341797,100.77174377441406,87.37067413330078,87.25987243652344,75.85295867919922,73.0
517,88.48705291748047,97.60909271240234,83.93707275390625,66.83441162109375,94.30713653564453,88.8261947631836,53.0
518,95.8981704711914,95.79386138916016,95.2851333618164,86.00569152832031,94.80571746826172,94.56400299072266,33.0
519,95.8981704711914,95.79386138916016,95.2851333618164,86.00569152832031,94.80571746826172,94.56400299072266,13.0
520,103.23863220214844,63.50371551513672,91.44367980957031,64.20481872558594,101.61952209472656,101.68538665771484,150.0
521,103.32510375976562,105.7805404663086,90.6079330444336,102.24724578857422,115.92034912109375,98.2667465209961,150.0
522,79.28903198242188,106.63114166259766,82.70573425292969,88.18120574951172,93.88024139404297,88.7262191772461,139.0
523,89.10078430175781,62.11500549316406,87.17781829833984,70.8021469116211,89.60908508300781,74.21038055419922,119.0
524,88.05499267578125,91.57823181152344,89.36335754394531,81.78363037109375,108.91837310791016,72.72299194335938,99.0
525,62.02006149291992,93.09785461425781,90.65120697021484,91.60993957519531,69.57586669921875,57.80692672729492,79.0
526,91.39881896972656,97.55681610107422,75.67910766601562,111.95631408691406,100.68378448486328,99.3647232055664,59.0
527,95.71311950683594,95.90984344482422,95.28792572021484,86.22659301757812,95.06150817871094,94.9555435180664,39.0
528,95.71311950683594,95.90984344482422,95.28792572021484,86.22659301757812,95.06150817871094,94.9555435180664,19.0
529,111.31401062011719,116.90013122558594,117.69611358642578,52.8105583190918,102.88623809814453,106.12207794189453,117.0
530,101.55416870117188,109.17445373535156,87.08062744140625,112.40624237060547,99.87300109863281,109.17298889160156,97.0
531,48.84197235107422,115.69546508789062,98.17646789550781,105.9766845703125,88.13452911376953,102.79901123046875,77.0
532,104.19306945800781,98.47760009765625,90.3209228515625,67.41192626953125,90.92974853515625,98.54104614257812,57.0
533,111.78587341308594,96.50249481201172,85.75965881347656,122.66448974609375,104.55756378173828,108.2461929321289,37.0
534,95.60379791259766,96.03068542480469,95.34468078613281,86.57666015625,95.2818374633789,95.38655090332031,17.0
535,62.9751091003418,117.10054016113281,99.64130401611328,67.81198120117188,91.81180572509766,107.85624694824219,150.0
536,126.88768005371094,114.45703887939453,66.27766418457031,110.34498596191406,114.85614013671875,111.04521179199219,150.0
537,97.49888610839844,103.75621032714844,109.61567687988281,108.61463928222656,162.2353057861328,93.50022888183594,148.0
538,116.61151123046875,42.51195526123047,89.66340637207031,88.98158264160156,119.28265380859375,109.34711456298828,128.0
539,82.94062042236328,86.77001953125,94.71376037597656,88.5938491821289,128.09371948242188,62.69699478149414,108.0
540,70.2467269897461,99.50276947021484,97.1934814453125,129.13482666015625,144.1021728515625,131.05235290527344,88.0
541,123.90025329589844,105.5875473022461,113.79837799072266,124.06289672851562,99.38854217529297,112.03056335449219,68.0
542,95.47988891601562,96.07959747314453,95.4411392211914,86.87258911132812,95.27468872070312,95.7138900756836,48.0
543,95.47988891601562,96.07959747314453,95.4411392211914,86.87258911132812,95.27468872070312,95.7138900756836,28.0
544,95.47988891601562,96.07959747314453,95.4411392211914,86.87258911132812,95.27468872070312,95.7138900756836,8.0
545,104.07472229003906,119.25489807128906,89.25994110107422,119.39222717285156,101.58877563476562,130.5496826171875,150.0
546,105.17825317382812,119.29031372070312,88.44745635986328,113.30050659179688,105.63652038574219,122.57677459716797,150.0
547,104.56217956542969,102.82804870605469,84.73318481445312,117.06800842285156,94.62886047363281,117.17774963378906,150.0
548,95.49851989746094,109.29022979736328,84.84110260009766,107.74504089355469,124.1967544555664,97.01505279541016,133.0
549,86.02217102050781,118.1935806274414,85.81521606445312,90.45452880859375,88.12610626220703,97.62183380126953,113.0
550,77.57903289794922,76.88297271728516,83.21882629394531,69.98710632324219,97.69365692138672,91.33430480957031,93.0
551,78.44839477539062,100.54605102539062,95.20750427246094,92.10552215576172,96.14219665527344,60.21432113647461,73.0
552,95.26078033447266,95.94014739990234,95.50802612304688,86.99645233154297,95.09432983398438,95.72940063476562,53.0
553,95.26078033447266,95.94014739990234,95.50802612304688,86.99645233154297,95.09432983398438,95.72940063476562,33.0
554,95.26078033447266,95.94014739990234,95.50802612304688,86.99645233154297,95.09432983398438,95.72940063476562,13.0
555,66.70529174804688,117.686279296875,91.68350219726562,111.77345275878906,101.37677001953125,105.9822769165039,150.0
556,109.14569091796875,130.19140625,60.772769927978516,109.23289489746094,95.15196990966797,108.81548309326172,150.0
557,109.49456787109375,94.38167572021484,92.63700103759766,100.97996520996094,80.55693817138672,108.2065658569336,150.0
558,100.97296905517578,108.47588348388672,85.4782485961914,108.6762924194336,91.51851654052734,59.33237838745117,133.0
559,119.45365905761719,101.26378631591797,55.50688171386719,106.47840118408203,104.08356475830078,102.4040298461914,113.0
560,119.51335906982422,102.13949584960938,94.60783386230469,115.95182037353516,103.89460754394531,121.47675323486328,93.0
561,105.95642852783203,127.00682067871094,130.4429931640625,69.58243560791016,111.58220672607422,106.54507446289062,73.0
562,95.07815551757812,95.727783203125,95.66697692871094,87.15812683105469,94.9466323852539,95.74559020996094,53.0
563,95.07815551757812,95.727783203125,95.66697692871094,87.15812683105469,94.9466323852539,95.74559020996094,33.0
564,95.07815551757812,95.727783203125,95.66697692871094,87.15812683105469,94.9466323852539,95.74559020996094,13.0
565,138.72073364257812,48.94111251831055,94.64836120605469,135.5998992919922,98.93383026123047,121.53207397460938,146.0
566,96.21342468261719,105.80848693847656,83.63744354248047,87.15812683105469,101.5771484375,98.41825103759766,126.0
567,104.6916275024414,105.13116455078125,113.93327331542969,118.0511703491211,99.2813949584961,117.32833862304688,106.0
568,125.0833969116211,102.4375,97.86868286132812,122.63612365722656,111.64317321777344,106.01187896728516,86.0
569,108.96676635742188,105.38505554199219,100.160400390625,116.64402770996094,87.53498077392578,114.0943832397461,66.0
570,124.5173110961914,107.57086944580078,109.89215850830078,118.66893005371094,54.21841812133789,101.3260726928711,46.0
571,94.18975067138672,95.1092758178711,95.42761993408203,86.89440155029297,94.40522003173828,95.22488403320312,26.0
572,94.18975067138672,95.1092758178711,95.42761993408203,86.89440155029297,94.40522003173828,95.22488403320312,6.0
573,115.3955307006836,86.17973327636719,84.83763885498047,104.24989318847656,71.09304809570312,97.61552429199219,150.0
574,89.84754943847656,100.26809692382812,90.69356536865234,104.38773345947266,83.35494232177734,102.1201400756836,150.0
575,101.21902465820312,95.21995544433594,111.60858917236328,104.65095520019531,80.94123077392578,97.10398864746094,150.0
576,105.73112487792969,90.07577514648438,82.66313171386719,95.49146270751953,88.80702209472656,49.389949798583984,149.0
577,82.8216552734375,82.04568481445312,95.04907989501953,78.04610443115234,77.7002182006836,88.51889038085938,129.0
578,112.63752746582031,81.97722625732422,93.71275329589844,96.08598327636719,90.557861328125,99.98832702636719,109.0
579,99.27788543701172,108.43488311767578,88.95589447021484,124.72122192382812,37.26054382324219,118.68313598632812,89.0
580,93.46902465820312,94.64895629882812,95.28691101074219,86.69029235839844,94.14025115966797,94.80502319335938,69.0
581,93.46902465820312,94.64895629882812,95.28691101074219,86.69029235839844,94.14025115966797,94.80502319335938,49.0
582,93.46902465820312,94.64895629882812,95.28691101074219,86.69029235839844,94.14025115966797,94.80502319335938,29.0
583,101.38707733154297,94.15045166015625,92.64178466796875,110.64006042480469,90.33586883544922,98.76355743408203,150.0
584,93.10530090332031,82.927734375,93.03829956054688,87.068603515625,88.2608413696289,56.51652908325195,150.0
585,100.67987823486328,50.85480499267578,90.49171447753906,105.23467254638672,84.20186614990234,65.1370849609375,150.0
586,89.68878173828125,56.29307556152344,86.96469116210938,98.4951171875,79.90664672851562,103.31663513183594,130.0
587,91.60228729248047,82.32305908203125,65.05467987060547,95.44405364990234,86.77699279785156,93.10221862792969,110.0
588,91.67801666259766,76.82955932617188,90.2449951171875,97.16252136230469,92.89301300048828,102.10475158691406,90.0
589,103.49925231933594,53.73640823364258,95.77542114257812,83.81739807128906,81.14950561523438,101.09356689453125,70.0
590,93.01809692382812,94.44248962402344,95.28384399414062,86.66790771484375,94.07962036132812,94.52908325195312,50.0
591,93.01809692382812,94.44248962402344,95.28384399414062,86.66790771484375,94.07962036132812,94.52908325195312,30.0
592,93.01809692382812,94.44248962402344,95.28384399414062,86.66790771484375,94.07962036132812,94.52908325195312,10.0
593,95.6707992553711,97.68675231933594,96.03971099853516,95.74005126953125,74.11333465576172,89.19912719726562,134.0
594,90.82962799072266,93.12384796142578,96.86193084716797,94.59967041015625,97.6756362915039,82.9724349975586,114.0
595,92.103515625,95.60332489013672,99.0929946899414,56.46823501586914,85.70199584960938,56.025028228759766,94.0
596,93.44198608398438,81.77889251708984,118.76832580566406,93.66062927246094,84.97119903564453,79.29165649414062,74.0
597,107.1925277709961,109.81925201416016,81.19493103027344,104.661865234375,104.78511047363281,86.58536529541016,54.0
598,93.01809692382812,94.44248962402344,95.28384399414062,86.66790771484375,94.07962036132812,94.52908325195312,34.0
599,93.01809692382812,94.44248962402344,95.28384399414062,86.66790771484375,94.07962036132812,94.52908325195312,14.0
600,49.81745147705078,94.51304626464844,108.74858856201172,94.65841674804688,98.19212341308594,63.02873992919922,150.0
601,61.965213775634766,49.224151611328125,110.82350158691406,88.60367584228516,86.67219543457031,95.82362365722656,150.0
602,57.95137405395508,84.75662231445312,55.54582977294922,74.66462707519531,75.22908020019531,83.27696990966797,150.0
603,81.40603637695312,76.6554946899414,87.83856964111328,84.46356964111328,78.81407165527344,81.63877868652344,150.0
604,59.29253387451172,74.7650375366211,90.97187805175781,85.92401885986328,70.62443542480469,68.28832244873047,131.0
605,93.24634552001953,98.02493286132812,113.14702606201172,84.27559661865234,114.76412963867188,79.0100326538086,111.0
606,105.84907531738281,103.1949691772461,119.80411529541016,89.19422149658203,96.04835510253906,91.28854370117188,91.0
607,91.10851287841797,93.31266021728516,94.41313934326172,86.00778198242188,93.21473693847656,93.53974151611328,71.0
608,91.10851287841797,93.31266021728516,94.41313934326172,86.00778198242188,93.21473693847656,93.53974151611328,51.0
609,91.10851287841797,93.31266021728516,94.41313934326172,86.00778198242188,93.21473693847656,93.53974151611328,31.0
610,98.52493286132812,91.94640350341797,96.10538482666016,81.9686279296875,91.59651184082031,95.21649169921875,150.0
611,95.85336303710938,83.49504089355469,95.02167510986328,79.20399475097656,98.215576171875,78.67890930175781,150.0
612,45.46703338623047,83.75720977783203,102.17935180664062,76.69355010986328,90.87185668945312,110.84691619873047,139.0
613,68.822509765625,53.90801239013672,96.21086883544922,82.23912811279297,71.78262329101562,73.24241638183594,119.0
614,47.525245666503906,79.45442962646484,86.53131866455078,79.087646484375,81.89823913574219,76.85801696777344,99.0
615,70.25825500488281,94.65596008300781,68.96019744873047,55.362213134765625,62.188377380371094,80.6671142578125,79.0
616,83.92454528808594,96.17389678955078,105.24488067626953,85.06282806396484,99.6810302734375,80.08870697021484,59.0
617,90.01365661621094,92.65168762207031,93.8383560180664,85.83618927001953,92.77239227294922,93.03624725341797,39.0
618,90.01365661621094,92.65168762207031,93.8383560180664,85.83618927001953,92.77239227294922,93.03624725341797,19.0
619,110.23692321777344,89.71856689453125,99.23643493652344,79.17516326904297,89.04022216796875,77.65380096435547,150.0
620,83.85421752929688,89.14510345458984,102.96549224853516,101.01310729980469,89.51309204101562,76.99791717529297,145.0
621,84.04476928710938,100.91340637207031,122.93303680419922,85.9709701538086,81.38875579833984,102.13316345214844,125.0
622,74.65335083007812,92.43988800048828,106.30905151367188,85.4549331665039,91.65147399902344,39.799522399902344,105.0
623,64.01493072509766,78.23855590820312,103.75252532958984,79.98184967041016,85.62996673583984,73.799560546875,85.0
624,72.06949615478516,95.39037322998047,104.08484649658203,83.15037536621094,83.99848937988281,82.8330307006836,65.0
625,77.41607666015625,92.16277313232422,98.9612045288086,75.73397064208984,46.78728485107422,37.509735107421875,45.0
626,89.30943298339844,92.24073028564453,93.41307067871094,85.9709701538086,92.5582046508789,92.77532196044922,25.0
627,89.30943298339844,92.24073028564453,93.41307067871094,85.9709701538086,92.5582046508789,92.77532196044922,5.0
628,96.93931579589844,52.46718978881836,76.21247100830078,91.12689971923828,107.6126937866211,87.66439056396484,150.0
629,80.75859832763672,96.56282043457031,94.62857055664062,87.57291412353516,103.55059051513672,74.46057891845703,150.0
630,82.99760437011719,90.60809326171875,98.72599029541016,80.17240142822266,70.33848571777344,90.64642333984375,150.0
631,59.969871520996094,90.62944030761719,85.19477081298828,78.26152801513672,99.91158294677734,89.43887329101562,134.0
632,81.19342041015625,101.21031188964844,85.36576843261719,72.90692901611328,86.69924926757812,79.0489501953125,114.0
633,83.10618591308594,88.52532958984375,66.33879852294922,77.16769409179688,90.45295715332031,97.62188720703125,94.0
634,106.42045593261719,62.671390533447266,94.6016845703125,68.93931579589844,110.24293518066406,98.39260864257812,74.0
635,88.76199340820312,91.85334014892578,92.88897705078125,86.17432403564453,92.34490203857422,92.60850524902344,54.0
636,88.76199340820312,91.85334014892578,92.88897705078125,86.17432403564453,92.34490203857422,92.60850524902344,34.0
637,88.76199340820312,91.85334014892578,92.88897705078125,86.17432403564453,92.34490203857422,92.60850524902344,14.0
638,103.79121398925781,64.19163513183594,85.93196868896484,83.02318572998047,110.01459503173828,85.07412719726562,150.0
639,75.938720703125,91.13330078125,88.4200210571289,79.43354034423828,111.28943634033203,88.736083984375,148.0
640,62.335975646972656,96.61051177978516,88.2101821899414,98.14998626708984,117.98594665527344,114.1307601928711,128.0
641,87.18008422851562,97.567138671875,77.59488677978516,65.85778045654297,103.00277709960938,93.33454895019531,108.0
642,85.87980651855469,106.64900207519531,78.93998718261719,76.74666595458984,92.90901947021484,85.21602630615234,88.0
643,84.21185302734375,91.00918579101562,105.39002227783203,87.74807739257812,61.84292221069336,81.87708282470703,68.0
644,88.50938415527344,91.63716888427734,92.52208709716797,86.61296081542969,90.49993896484375,92.55879974365234,48.0
645,88.50938415527344,91.63716888427734,92.52208709716797,86.61296081542969,92.174072265625,92.55879974365234,28.0
646,88.50938415527344,91.63716888427734,92.52208709716797,86.61296081542969,92.174072265625,92.55879974365234,8.0
647,121.44419860839844,49.49089813232422,93.75144958496094,76.65559387207031,111.14398956298828,117.26087951660156,150.0
648,52.202781677246094,91.71794891357422,88.64836883544922,90.23631286621094,127.87287902832031,93.58153533935547,138.0
649,83.24569702148438,94.24771881103516,79.10391235351562,82.41220092773438,104.12313842773438,93.33940887451172,118.0
650,89.47320556640625,99.72180938720703,88.9739761352539,85.4180908203125,52.95834732055664,92.28532409667969,98.0
651,92.83779907226562,105.31554412841797,72.49210357666016,61.66156005859375,80.77597045898438,69.52362823486328,78.0
652,85.28014373779297,113.101318359375,70.67131805419922,89.94631958007812,74.31719970703125,86.49945068359375,58.0
653,88.28109741210938,91.36280822753906,92.1418685913086,87.06341552734375,91.78959655761719,92.37842559814453,38.0
654,88.28109741210938,91.36280822753906,92.1418685913086,87.06341552734375,91.78959655761719,92.37842559814453,18.0
655,104.26526641845703,100.88611602783203,97.34001922607422,103.59925842285156,107.06198120117188,116.6680679321289,150.0
656,41.09856414794922,89.07284545898438,88.54225158691406,55.68622589111328,91.78959655761719,97.37907409667969,150.0
657,100.89745330810547,100.74327087402344,99.26178741455078,90.09577941894531,96.21436309814453,94.27513122558594,150.0
658,95.1697006225586,99.7703857421875,90.95376586914062,86.579833984375,93.81515502929688,96.51206970214844,133.0
659,86.824951171875,104.41741180419922,94.67778778076172,65.17017364501953,87.78965759277344,104.20787811279297,113.0
660,97.92498779296875,97.9051742553711,90.95301055908203,94.87337493896484,64.56175231933594,91.48126983642578,93.0
661,91.14173889160156,103.06790161132812,88.34075164794922,83.9619369506836,98.15410614013672,103.50527954101562,73.0
662,88.28466033935547,91.14334106445312,91.92385864257812,87.68345642089844,91.6067886352539,92.28695678710938,53.0
663,88.28466033935547,91.14334106445312,91.92385864257812,87.68345642089844,91.6067886352539,92.28695678710938,33.0
664,88.28466033935547,91.14334106445312,91.92385864257812,87.68345642089844,91.6067886352539,92.28695678710938,13.0
665,88.28466033935547,108.96622467041016,95.16706848144531,104.7994384765625,91.6067886352539,101.56797790527344,150.0
666,101.34683990478516,85.57977294921875,102.21160125732422,102.08648681640625,102.13349914550781,103.49404907226562,150.0
667,83.11284637451172,95.1978988647461,90.99517059326172,101.74999237060547,94.44004821777344,105.00605010986328,150.0
668,43.82890701293945,95.69297790527344,88.43085479736328,94.55419158935547,89.83405303955078,98.55729675292969,137.0
669,91.74561309814453,95.88766479492188,89.34913635253906,75.83895111083984,84.75200653076172,108.0791244506836,117.0
670,94.09686279296875,94.03099060058594,72.89173889160156,50.49114227294922,63.178993225097656,97.16729736328125,97.0
671,83.95146942138672,96.52173614501953,94.6882553100586,86.88441467285156,87.22925567626953,79.2054443359375,77.0
672,88.57840728759766,91.01045227050781,91.81767272949219,88.36070251464844,91.56739044189453,92.20574951171875,57.0
673,88.57840728759766,91.01045227050781,91.81767272949219,88.36070251464844,91.56739044189453,92.20574951171875,37.0
674,88.57840728759766,91.01045227050781,91.81767272949219,88.36070251464844,91.56739044189453,92.20574951171875,17.0
675,114.4796371459961,66.64891052246094,115.62773895263672,110.15263366699219,107.53594970703125,85.39957427978516,134.0
676,118.04309844970703,97.23194885253906,89.69345092773438,124.32440948486328,96.94173431396484,98.01350402832031,114.0
677,107.64432525634766,83.48670959472656,95.61480712890625,105.52010345458984,89.61538696289062,99.82971954345703,94.0
678,106.60725402832031,109.33576965332031,83.18903350830078,98.64393615722656,75.99649810791016,97.91105651855469,74.0
679,109.04056549072266,70.21317291259766,99.6773452758789,106.63992309570312,91.9126968383789,93.21271514892578,54.0
680,88.32913208007812,90.58138275146484,91.4034194946289,88.59912109375,91.22399139404297,91.79436492919922,34.0
681,88.32913208007812,90.58138275146484,91.4034194946289,88.59912109375,91.22399139404297,91.79436492919922,14.0
682,116.60863494873047,124.7974853515625,100.6779556274414,107.27700805664062,90.69062805175781,107.14907836914062,115.0
683,84.2072982788086,103.45695495605469,90.8963394165039,70.3418197631836,93.34810638427734,60.74726486206055,95.0
684,53.539939880371094,97.23274230957031,85.5350341796875,100.72904968261719,82.7393569946289,84.39518737792969,75.0
685,99.93612670898438,104.64911651611328,97.38020324707031,101.02330780029297,86.11375427246094,153.482177734375,55.0
686,64.6329116821289,88.7571029663086,119.75499725341797,100.63404083251953,106.42280578613281,88.92003631591797,35.0
687,88.32913208007812,90.58138275146484,91.4034194946289,88.59912109375,91.22399139404297,91.79436492919922,15.0
688,121.16500091552734,112.57161712646484,113.06214141845703,106.62639617919922,51.88622283935547,108.9690933227539,135.0
689,108.93029022216797,122.23394775390625,89.6579818725586,103.75838470458984,87.846435546875,98.67133331298828,115.0
690,96.78069305419922,51.8685188293457,95.45912170410156,109.58970642089844,31.664138793945312,96.30856323242188,95.0
691,91.18988037109375,84.81673431396484,92.48706817626953,94.44562530517578,64.89628601074219,135.72088623046875,75.0
692,81.62091827392578,95.67333221435547,82.35749053955078,93.3395767211914,51.893280029296875,91.4653549194336,55.0
693,87.4903793334961,89.55479431152344,90.46028900146484,88.33435821533203,90.48612976074219,90.8801498413086,35.0
694,87.4903793334961,89.55479431152344,90.46028900146484,88.33435821533203,90.48612976074219,90.8801498413086,15.0
695,104.22103118896484,89.55479431152344,115.89171600341797,118.07292175292969,85.41896057128906,97.12173461914062,150.0
696,93.06983184814453,57.291282653808594,105.71359252929688,95.50442504882812,65.48139190673828,96.79851531982422,150.0
697,91.76612091064453,78.23351287841797,87.78327178955078,93.1673583984375,70.97189331054688,91.78315734863281,150.0
698,85.62527465820312,71.68876647949219,89.83352661132812,96.71196746826172,75.72297668457031,77.67295837402344,150.0
699,122.18180847167969,62.68672561645508,79.00520324707031,88.97465515136719,75.41682434082031,87.66438293457031,150.0
700,96.6197738647461,87.73113250732422,58.09212112426758,78.97731018066406,91.39396667480469,73.39393615722656,150.0
701,101.89351654052734,80.8510513305664,58.826812744140625,83.5416488647461,76.80904388427734,79.9158935546875,143.0
702,86.99044036865234,88.96231079101562,89.75437927246094,88.2289047241211,90.14830780029297,90.20528411865234,123.0
703,86.99044036865234,88.96231079101562,89.75437927246094,88.2289047241211,90.14830780029297,90.20528411865234,103.0
704,86.99044036865234,88.96231079101562,89.75437927246094,88.2289047241211,90.14830780029297,90.20528411865234,83.0
705,84.21049499511719,80.2469482421875,91.81912231445312,96.02367401123047,77.9322280883789,84.88809204101562,150.0
706,86.11882781982422,88.99205017089844,82.52207946777344,93.29878997802734,78.82837677001953,100.14076232910156,150.0
707,78.4586181640625,89.32779693603516,89.56959533691406,97.64764404296875,77.26799774169922,83.1341781616211,150.0
708,75.54402160644531,92.42696380615234,81.35067749023438,91.37278747558594,68.44646453857422,72.1891860961914,150.0
709,92.78040313720703,71.40249633789062,52.493431091308594,98.06593322753906,92.55635833740234,75.59364318847656,150.0
710,99.00109100341797,83.08773040771484,73.75960540771484,70.30066680908203,95.07688903808594,80.37467193603516,150.0
711,105.27568054199219,95.52627563476562,66.4560546875,85.47630310058594,104.38494873046875,26.666595458984375,150.0
712,87.83831024169922,89.38587188720703,89.98808288574219,88.99502563476562,90.77757263183594,90.5242919921875,150.0
713,87.83831024169922,89.38587188720703,89.98808288574219,88.99502563476562,90.77757263183594,90.5242919921875,150.0
714,87.83831024169922,89.38587188720703,89.98808288574219,88.99502563476562,90.77757263183594,90.5242919921875,136.0
715,101.8027572631836,100.15335083007812,104.62811279296875,118.02356719970703,100.4828872680664,99.46597290039062,150.0
716,102.997802734375,90.17971801757812,90.6200942993164,120.44486236572266,92.65986633300781,101.39448547363281,150.0
717,78.96037292480469,106.19686126708984,83.89317321777344,95.04308319091797,101.97455596923828,91.31352996826172,142.0
718,93.98017120361328,108.7166748046875,110.31378936767578,84.84767150878906,72.38677978515625,99.8591079711914,122.0
719,105.31022644042969,97.3334732055664,84.88002014160156,104.07014465332031,88.55313110351562,94.51433563232422,102.0
720,92.34736633300781,93.0455322265625,83.78494262695312,80.50643920898438,101.74020385742188,91.09300231933594,82.0
721,70.68373107910156,100.59671783447266,93.85750579833984,115.04387664794922,113.66802978515625,96.13290405273438,62.0
722,89.97120666503906,77.1700668334961,91.14024353027344,90.60739135742188,92.32066345214844,91.77031707763672,42.0
723,89.97120666503906,90.7593002319336,91.14024353027344,90.60739135742188,92.32066345214844,91.77031707763672,22.0
724,89.97120666503906,90.7593002319336,91.14024353027344,90.60739135742188,92.32066345214844,91.77031707763672,2.0
725,113.83872985839844,111.6126480102539,103.12533569335938,127.205810546875,145.04095458984375,98.17574310302734,136.0
726,96.4879150390625,108.9775161743164,108.43138885498047,115.11886596679688,119.88414001464844,104.24482727050781,116.0
727,106.33039855957031,99.04454803466797,95.33474731445312,125.5450439453125,108.78195190429688,85.85328674316406,96.0
728,104.9866943359375,88.08887481689453,92.42710876464844,83.41342163085938,103.53067016601562,91.74737548828125,76.0
729,116.29585266113281,104.42607879638672,100.64909362792969,108.547607421875,125.72636413574219,94.00289154052734,56.0
730,91.22892761230469,91.5246810913086,91.71318054199219,91.4439926147461,92.93157958984375,92.41587829589844,36.0
731,91.22892761230469,91.5246810913086,91.71318054199219,91.4439926147461,92.93157958984375,92.41587829589844,16.0
732,127.58283233642578,80.58934783935547,111.22579956054688,123.19966888427734,94.90122985839844,77.4542007446289,150.0
733,62.778072357177734,109.98815155029297,122.61640167236328,108.34366607666016,112.06015014648438,124.06449890136719,145.0
734,105.149658203125,72.35275268554688,76.10289764404297,113.86224365234375,76.51431274414062,105.0521240234375,125.0
735,102.99560546875,98.23236846923828,97.49217224121094,107.7546157836914,116.54273986816406,104.93263244628906,105.0
736,94.53617858886719,51.501251220703125,106.25251770019531,114.05036163330078,90.81770324707031,121.59358215332031,85.0
737,162.5308837890625,112.6666259765625,111.64866638183594,112.36373138427734,124.16232299804688,105.20890045166016,65.0
738,91.22892761230469,91.5246810913086,91.71318054199219,91.4439926147461,92.93157958984375,92.41587829589844,45.0
739,91.22892761230469,91.5246810913086,91.71318054199219,91.4439926147461,92.93157958984375,92.41587829589844,25.0
740,91.79556274414062,91.96550750732422,91.86305236816406,91.75493621826172,93.08668518066406,92.56986236572266,5.0
741,102.494384765625,103.40558624267578,107.25588989257812,121.18819427490234,94.91557312011719,119.38455200195312,150.0
742,109.82286071777344,110.80213928222656,108.95346069335938,109.00717163085938,60.65725326538086,105.75892639160156,150.0
743,88.58401489257812,100.15716552734375,111.71873474121094,105.98328399658203,108.7764892578125,117.90132141113281,140.0
744,97.23190307617188,99.98530578613281,90.92083740234375,86.96199035644531,116.34927368164062,120.24047088623047,120.0
745,102.60096740722656,84.19335174560547,111.05513000488281,97.93523406982422,110.01520538330078,117.5107421875,100.0
746,62.16197204589844,111.36922454833984,104.46159362792969,107.16658782958984,100.88117980957031,101.51319122314453,80.0
747,75.41055297851562,97.86100006103516,99.23359680175781,83.9449234008789,100.9890365600586,87.84867858886719,60.0
748,91.79556274414062,91.96550750732422,91.86305236816406,91.75493621826172,93.08668518066406,92.56986236572266,40.0
749,91.79556274414062,91.96550750732422,91.86305236816406,91.75493621826172,93.08668518066406,92.56986236572266,20.0
750,92.1436996459961,92.16910552978516,91.78279113769531,91.83549499511719,93.01750946044922,92.3956069946289,0.0
