,0,1,2,3,4,5,6,7,8,9,10,11,12,13
0,110.80406951904297,122.57552337646484,127.99649810791016,117.43563079833984,123.87049102783203,133.86996459960938,131.6323699951172,127.49222564697266,132.24221801757812,128.95579528808594,114.51216888427734,145.60379028320312,117.72224426269531,150.0
1,93.29796600341797,103.81796264648438,103.56124114990234,97.31483459472656,95.28205108642578,102.62997436523438,96.57402038574219,98.23028564453125,102.8995361328125,97.62140655517578,91.34761047363281,121.23284149169922,103.77386474609375,150.0
2,112.97865295410156,136.23133850097656,133.43038940429688,132.7973175048828,125.54027557373047,128.07286071777344,133.238037109375,135.90921020507812,131.99819946289062,133.8843536376953,99.3404312133789,134.26434326171875,146.7007598876953,150.0
3,130.14744567871094,148.1444549560547,142.38221740722656,141.828369140625,131.93153381347656,136.07957458496094,139.78720092773438,145.41094970703125,133.55264282226562,145.222412109375,109.67269897460938,136.54159545898438,152.8402862548828,150.0
4,118.7790756225586,132.8710479736328,126.90721130371094,125.77434539794922,118.28378295898438,123.07156372070312,123.09618377685547,130.02149963378906,126.9818344116211,130.5740509033203,96.2036361694336,135.1681365966797,143.7179412841797,150.0
5,127.53580474853516,127.02381134033203,119.78910064697266,123.27201843261719,118.11128997802734,115.8503189086914,119.40635681152344,123.37239837646484,114.64747619628906,125.09773254394531,107.82077026367188,119.95791625976562,126.48504638671875,150.0
6,135.0755157470703,133.6759796142578,130.26336669921875,135.81112670898438,129.43775939941406,127.4586181640625,132.06092834472656,137.1851806640625,123.60801696777344,137.5592498779297,123.3379898071289,130.21742248535156,134.9672088623047,147.0
7,138.76612854003906,132.931396484375,135.530517578125,140.84613037109375,122.55635833740234,129.33523559570312,139.56069946289062,133.6612091064453,122.71380615234375,147.2645263671875,113.11832427978516,133.48703002929688,140.1739959716797,127.0
8,139.60072326660156,119.76641845703125,133.90243530273438,143.37635803222656,119.44475555419922,127.17338562011719,143.004150390625,134.05819702148438,118.15189361572266,147.9685821533203,109.02234649658203,128.5963592529297,138.8612823486328,107.0
9,138.2375946044922,109.38865661621094,131.28102111816406,143.579345703125,119.01761627197266,122.9781494140625,149.33030700683594,131.18878173828125,114.76127624511719,145.4886932373047,107.90943145751953,120.805419921875,134.59765625,87.0
10,89.03997802734375,93.58409118652344,92.45150756835938,91.37020874023438,89.14128112792969,91.39930725097656,88.81836700439453,90.6620864868164,89.76791381835938,92.1330795288086,88.82892608642578,94.66980743408203,95.88799285888672,150.0
11,89.33995819091797,94.97502136230469,89.28102111816406,91.37541198730469,89.9061508178711,88.05328369140625,89.1511001586914,90.35950469970703,87.74874877929688,92.1330795288086,88.82892608642578,92.15866088867188,91.5485610961914,139.0
12,91.90693664550781,97.79075622558594,91.30941772460938,93.08921813964844,92.6954116821289,88.8465805053711,91.61648559570312,92.80947875976562,90.1740493774414,93.98067474365234,89.6797103881836,94.09618377685547,93.0926742553711,119.0
13,92.12474060058594,97.92359924316406,91.53120422363281,93.80169677734375,92.94039916992188,89.18233489990234,91.86597442626953,93.14576721191406,90.42803192138672,94.47975158691406,90.15880584716797,94.31385040283203,93.4337387084961,99.0
14,90.86872863769531,96.13533782958984,90.44485473632812,93.20690155029297,91.56727600097656,88.41815948486328,90.77779388427734,91.9903564453125,89.3418960571289,93.351806640625,89.1566390991211,92.80309295654297,92.34812927246094,79.0
15,89.26868438720703,93.16044616699219,89.13114929199219,91.62887573242188,89.54410552978516,88.05328369140625,89.2717056274414,90.64676666259766,87.95496368408203,92.1330795288086,88.82892608642578,90.33818817138672,91.32426452636719,59.0
16,87.34567260742188,90.06814575195312,87.70068359375,90.28382873535156,88.1776351928711,86.19229125976562,87.11051940917969,89.13477325439453,86.08277130126953,90.38959503173828,87.83866119384766,87.49752044677734,90.03047180175781,39.0
17,83.75003051757812,87.26718139648438,86.66567993164062,89.86056518554688,88.29242706298828,83.63504791259766,84.81769561767578,88.42215728759766,83.75613403320312,87.9383316040039,87.74728393554688,84.24552917480469,88.51689910888672,19.0
18,92.08349609375,98.357666015625,105.61491394042969,94.8236083984375,95.96688842773438,101.47666931152344,102.02574920654297,94.70965576171875,103.2490005493164,93.94166564941406,91.3786392211914,121.79180145263672,94.57020568847656,150.0
19,91.61865997314453,97.66629028320312,98.30081176757812,93.61738586425781,94.13162994384766,94.09214782714844,95.54021453857422,95.1467056274414,99.0646743774414,96.76229095458984,91.06237030029297,109.72042846679688,92.93650817871094,148.0
20,91.45015716552734,96.72760772705078,93.42668151855469,93.39083862304688,92.10899353027344,92.38804626464844,91.36920166015625,91.82503509521484,92.60134887695312,93.4438247680664,89.43241882324219,95.67208099365234,92.33531951904297,128.0
21,90.4655990600586,95.5631332397461,90.1697006225586,92.35447692871094,91.26447296142578,88.22551727294922,90.18374633789062,91.22515106201172,88.89152526855469,92.77165985107422,89.28687286376953,91.92398071289062,91.61872863769531,108.0
22,89.35492706298828,93.82825469970703,89.25990295410156,91.65304565429688,90.19261932373047,88.17743682861328,89.43064880371094,90.53485870361328,88.24678802490234,92.07235717773438,89.28687286376953,90.70958709716797,90.6414794921875,88.0
23,85.72787475585938,92.62348937988281,85.76478576660156,89.74214172363281,88.94646453857422,87.95158386230469,88.88453674316406,90.35590362548828,87.84500885009766,91.85590362548828,89.27787017822266,89.20454406738281,92.39877319335938,68.0
24,83.67539978027344,87.13926696777344,86.60467529296875,89.34391784667969,85.25005340576172,87.62943267822266,87.80703735351562,90.14701080322266,87.4382095336914,91.35383605957031,88.90894317626953,87.57706451416016,90.0037841796875,48.0
25,85.70355987548828,87.81922149658203,87.02764892578125,90.10934448242188,89.0613784790039,87.22433471679688,86.63616943359375,90.41429901123047,86.59689331054688,90.46315002441406,90.0078125,85.85773468017578,89.0824966430664,28.0
26,84.85907745361328,86.03351593017578,86.99053955078125,90.71932983398438,90.21540832519531,88.5706787109375,86.0340576171875,90.55164337158203,87.29290771484375,90.74304962158203,100.43279266357422,83.97898864746094,88.51492309570312,8.0
27,91.52237701416016,95.87944793701172,109.20579528808594,92.79673767089844,93.59327697753906,102.27143859863281,94.65508270263672,94.3613510131836,96.80355072021484,95.69965362548828,92.25389099121094,113.2713851928711,94.41254425048828,150.0
28,89.14452362060547,91.21057891845703,88.78358459472656,90.45851135253906,89.23191833496094,88.24333190917969,88.5943832397461,90.0735092163086,87.85518646240234,91.95479583740234,89.28687286376953,89.27101135253906,91.08592987060547,140.0
29,89.06513214111328,91.21057891845703,88.78358459472656,90.19680786132812,89.23191833496094,88.19822692871094,88.5943832397461,90.0735092163086,87.85518646240234,91.95479583740234,89.28687286376953,89.0912857055664,90.88333892822266,120.0
30,89.00440979003906,90.75434112548828,88.60540771484375,90.0780029296875,89.27848815917969,88.2901611328125,88.37462615966797,89.75399780273438,87.95806121826172,91.69515228271484,89.64337158203125,88.7811050415039,90.60724639892578,100.0
31,89.6422119140625,92.58415985107422,88.85579681396484,90.85459899902344,89.5467300415039,88.2901611328125,88.66482543945312,89.82548522949219,87.95806121826172,91.69515228271484,89.64337158203125,89.23301696777344,90.6336441040039,80.0
32,93.03208923339844,95.44632720947266,91.4902572631836,93.80330657958984,92.78284454345703,91.05044555664062,91.54178619384766,93.67881774902344,91.07807159423828,95.80467224121094,93.37123107910156,92.3367691040039,93.63223266601562,60.0
33,91.84465026855469,93.26509857177734,90.90061950683594,93.31948852539062,93.02049255371094,91.16233825683594,90.4731674194336,94.2044677734375,91.4128646850586,95.42839050292969,94.72254180908203,89.49464416503906,91.87002563476562,40.0
34,88.02755737304688,88.17918395996094,88.68305206298828,91.3964614868164,92.06682586669922,90.25088500976562,87.93010711669922,93.65699005126953,90.57411193847656,93.4053955078125,94.94361877441406,85.08924865722656,88.97770690917969,20.0
35,82.19659423828125,83.13806915283203,86.39298248291016,91.2882308959961,93.0218505859375,88.10124206542969,86.06729888916016,92.83009338378906,88.1039047241211,90.57659912109375,101.58277893066406,81.87432861328125,87.06207275390625,0.0
36,89.24931335449219,90.75434112548828,88.64124298095703,90.80604553222656,89.27848815917969,88.2901611328125,88.37462615966797,89.88473510742188,87.95806121826172,91.69515228271484,89.64337158203125,88.7811050415039,90.6336441040039,150.0
37,89.24931335449219,92.45374298095703,88.60540771484375,90.21745300292969,89.27848815917969,88.7857666015625,88.37462615966797,89.85892486572266,87.95806121826172,91.69515228271484,89.64337158203125,88.7811050415039,90.6336441040039,150.0
38,89.92018127441406,94.4653549194336,93.49141693115234,90.7712631225586,90.34893798828125,92.77916717529297,90.63628387451172,90.60745239257812,91.03385925292969,92.54329681396484,89.64337158203125,93.50357055664062,90.57438659667969,147.0
39,91.14837646484375,95.54727935791016,94.02172088623047,92.07730102539062,91.67561340332031,93.46190643310547,91.5403823852539,91.90543365478516,93.11324310302734,93.95626068115234,89.79731750488281,94.22962951660156,91.92129516601562,127.0
40,92.17115783691406,95.08438110351562,90.82457733154297,93.00424194335938,92.16348266601562,89.52046203613281,90.73155212402344,92.04142761230469,89.8380355834961,94.08480072021484,91.40950775146484,91.37715911865234,92.61193084716797,107.0
41,92.48905181884766,94.68500518798828,90.90593719482422,93.07196044921875,92.34101867675781,90.27923583984375,90.98178100585938,92.55635070800781,90.4417495727539,94.55551147460938,92.3390121459961,91.4797134399414,92.86993408203125,87.0
42,92.43071746826172,93.70759582519531,90.78809356689453,92.88557434082031,92.3089828491211,91.20633697509766,91.1138916015625,93.04649353027344,91.1144027709961,94.92124938964844,93.42948150634766,91.34434509277344,92.99627685546875,67.0
43,90.01619720458984,89.56079864501953,88.62348937988281,89.96263122558594,90.47722625732422,89.93929290771484,88.40299224853516,91.29966735839844,90.67449951171875,91.74213409423828,92.49137115478516,87.81088256835938,89.79562377929688,47.0
44,85.13398742675781,85.7234115600586,86.18645477294922,88.52867126464844,90.11028289794922,87.60993957519531,85.39468383789062,89.91264343261719,89.0047378540039,88.29318237304688,96.47798919677734,84.40641784667969,87.23438262939453,27.0
45,81.29478454589844,82.19219207763672,84.95990753173828,88.42045593261719,91.61150360107422,85.69343566894531,82.80054473876953,87.73171997070312,87.82404327392578,90.02208709716797,112.27103424072266,81.79511260986328,85.74624633789062,7.0
46,102.04436492919922,99.24742126464844,95.64693450927734,96.56060791015625,93.69732666015625,94.66226196289062,93.0042495727539,96.36415100097656,91.58483123779297,100.00733184814453,93.33452606201172,90.98843383789062,95.99723815917969,150.0
47,92.302001953125,93.6263656616211,90.43282318115234,92.43092346191406,89.8354263305664,90.4074935913086,88.5738525390625,91.34742736816406,88.10272979736328,93.07070922851562,90.05047607421875,88.62323760986328,92.00112915039062,150.0
48,102.89458465576172,100.03433990478516,102.38607025146484,92.12490844726562,92.2596664428711,103.9842529296875,90.72388458251953,92.00469970703125,93.80408477783203,94.1042709350586,91.16551208496094,94.0960922241211,120.22897338867188,149.0
49,112.42494201660156,102.20092010498047,106.51256561279297,97.19252014160156,93.33718872070312,108.01191711425781,92.9949722290039,93.22366333007812,98.52889251708984,104.44530487060547,92.77803802490234,100.29331970214844,121.53553771972656,129.0
50,108.40926361083984,99.81990051269531,96.6261978149414,95.19219970703125,93.27094268798828,92.60352325439453,92.34437561035156,93.12582397460938,91.02411651611328,100.57864379882812,93.49968719482422,95.69965362548828,105.72021484375,109.0
51,98.57438659667969,95.52816772460938,92.1174545288086,93.00055694580078,92.79052734375,90.7938003540039,91.10462951660156,92.81326293945312,90.8909683227539,94.76945495605469,93.41022491455078,91.02360534667969,96.4582748413086,89.0
52,92.63101196289062,93.01219177246094,90.53225708007812,92.59220886230469,92.59996032714844,91.38794708251953,91.07270812988281,92.90409088134766,91.35072326660156,94.66908264160156,93.86663055419922,91.12532806396484,92.54911804199219,69.0
53,92.98078155517578,92.67974090576172,91.00399017333984,92.91792297363281,96.44290161132812,93.1149673461914,91.83956909179688,94.23692321777344,92.87422943115234,95.59800720214844,99.2738265991211,91.96735382080078,93.42190551757812,49.0
54,91.55724334716797,89.22303771972656,89.58440399169922,90.65121459960938,93.71578216552734,92.91563415527344,89.54415893554688,93.82952880859375,94.80872344970703,92.79106140136719,96.11927795410156,89.25872039794922,90.67341613769531,29.0
55,87.91436767578125,85.93558502197266,87.39546966552734,90.14041137695312,94.71472930908203,92.30255889892578,86.99180603027344,92.85978698730469,95.64324188232422,90.25314331054688,108.57429504394531,84.71640014648438,86.77555847167969,9.0
56,90.12809753417969,92.71720886230469,95.38727569580078,90.15845489501953,90.91734313964844,95.34798431396484,91.28668975830078,91.39169311523438,90.9926986694336,93.98870849609375,91.93156433105469,91.08537292480469,92.19093322753906,150.0
57,93.88215637207031,96.44183349609375,91.84004211425781,94.1873550415039,93.492919921875,91.07263946533203,91.67880249023438,92.96636962890625,90.91705322265625,95.29975891113281,92.87646484375,91.98118591308594,93.32573699951172,150.0
58,98.72040557861328,97.61041259765625,92.86769104003906,95.39521026611328,94.84121704101562,91.51882934570312,92.75892639160156,94.42036437988281,91.84098052978516,96.89350891113281,94.61907958984375,93.21442413330078,94.41162872314453,142.0
59,107.63507843017578,96.75047302246094,92.17769622802734,94.77302551269531,94.1461410522461,91.18292236328125,91.82659912109375,93.79780578613281,91.26514434814453,96.15237426757812,94.39129638671875,92.1196060180664,98.88844299316406,122.0
60,104.16644287109375,95.10423278808594,92.67877197265625,92.93490600585938,92.6257095336914,90.31375885009766,90.60470581054688,92.30905151367188,90.41812133789062,94.31993865966797,93.42401123046875,90.1724624633789,96.33564758300781,102.0
61,97.9313735961914,92.8876724243164,90.60191345214844,91.33558654785156,91.32628631591797,89.61781311035156,89.7457046508789,91.1139144897461,89.74490356445312,92.71642303466797,91.93067932128906,89.2470932006836,92.3531723022461,82.0
62,90.58233642578125,91.94007873535156,88.35556030273438,88.05641174316406,88.4389877319336,89.36549377441406,88.97383117675781,90.34961700439453,89.38407897949219,91.55615997314453,91.20722961425781,88.3793716430664,89.57357788085938,62.0
63,88.16665649414062,84.34523010253906,87.29721069335938,88.28800964355469,83.18711853027344,89.49569702148438,87.60062408447266,89.61597442626953,100.3147964477539,89.5441665649414,93.52391052246094,87.48855590820312,88.38668060302734,42.0
64,87.67526245117188,86.26583862304688,86.51129913330078,88.20713806152344,84.5168228149414,90.18668365478516,86.36103820800781,88.67194366455078,104.84627532958984,88.58821868896484,91.90843200683594,86.29473876953125,87.34786224365234,22.0
65,87.5912094116211,84.74708557128906,85.91584777832031,88.64083862304688,94.18363952636719,91.90678405761719,85.74654388427734,89.5887680053711,108.66426849365234,88.80773162841797,94.795166015625,85.99720001220703,85.36141967773438,2.0
66,88.87342834472656,89.28347778320312,92.00908660888672,90.46528625488281,89.09723663330078,93.09597778320312,89.12899017333984,90.02079010009766,90.44692993164062,92.46167755126953,91.04353332519531,88.04727935791016,93.83889770507812,145.0
67,91.03672790527344,92.87411499023438,89.35331726074219,89.89295959472656,90.30641174316406,88.23591613769531,89.03268432617188,89.63411712646484,88.07664489746094,91.4527359008789,89.97826385498047,88.4358901977539,90.06986999511719,125.0
68,91.70673370361328,93.39247131347656,89.85440063476562,91.70648193359375,91.01505279541016,88.3393783569336,89.6372299194336,90.41798400878906,88.2940673828125,92.27287292480469,90.80912017822266,89.1102294921875,90.66952514648438,105.0
69,90.67578125,92.0677261352539,89.07382202148438,90.69841003417969,90.11251068115234,88.23591613769531,88.94422149658203,89.6596908569336,88.07664489746094,91.29720306396484,90.07864379882812,88.34615325927734,89.8621826171875,85.0
70,88.54470825195312,88.77616119384766,87.47427368164062,88.59520721435547,88.69957733154297,87.87692260742188,87.50273895263672,88.00508880615234,87.66957092285156,89.64449310302734,89.50748443603516,87.39574432373047,88.39024353027344,65.0
71,88.39915466308594,87.9013671875,86.90502166748047,87.66071319580078,88.2740249633789,87.20345306396484,86.53577423095703,87.32894897460938,87.50666046142578,88.9412612915039,89.54914855957031,87.18482971191406,87.57878875732422,45.0
72,85.42726135253906,85.36725616455078,85.62179565429688,86.10238647460938,87.64189910888672,84.94950866699219,84.62799835205078,85.79208374023438,85.91928100585938,85.38346099853516,88.3246078491211,84.9520492553711,86.04804229736328,25.0
73,82.22064208984375,82.45735168457031,84.42843627929688,84.47860717773438,88.4276123046875,83.8997573852539,82.51679992675781,84.54518127441406,86.38644409179688,81.93499755859375,86.94722747802734,83.30180358886719,84.54032135009766,5.0
74,89.79204559326172,90.87371826171875,93.2010498046875,89.88162231445312,90.62852478027344,93.42294311523438,90.32952880859375,90.6356201171875,90.56732940673828,93.02153778076172,91.65865325927734,87.9583740234375,91.74578094482422,150.0
75,88.60215759277344,89.5163345336914,87.56736755371094,87.85868072509766,88.69957733154297,87.87692260742188,87.43626403808594,87.98631286621094,87.66957092285156,89.64449310302734,89.50748443603516,87.3808822631836,88.30952453613281,150.0
76,88.01924133300781,89.01297760009766,87.45327758789062,88.0879898071289,88.34915161132812,87.87692260742188,86.83759307861328,87.98631286621094,87.66957092285156,89.22594451904297,89.50748443603516,86.37810516357422,87.821533203125,134.0
77,88.69691467285156,89.87195587158203,87.79788208007812,87.9770278930664,88.80982208251953,87.87692260742188,87.48567199707031,88.10887908935547,87.66957092285156,89.63721466064453,89.50748443603516,87.07318878173828,88.14331817626953,114.0
78,89.97357177734375,90.72022247314453,88.52560424804688,89.67889404296875,89.74526977539062,87.94052124023438,88.53409576416016,89.1456298828125,87.84101867675781,90.55007934570312,90.22685241699219,87.62965393066406,89.02249145507812,94.0
79,90.98951721191406,91.4389419555664,89.32949829101562,90.85120391845703,91.00131225585938,89.31436157226562,89.64473724365234,90.56188201904297,89.38544464111328,92.0000228881836,91.81280517578125,89.01824188232422,90.13822174072266,74.0
80,91.060302734375,90.65559387207031,89.25995635986328,90.41221618652344,91.4921646118164,90.6495132446289,90.05327606201172,91.0709228515625,90.52950286865234,92.13495635986328,92.66966247558594,89.82638549804688,90.13616943359375,54.0
81,87.74422454833984,86.49378967285156,86.16759490966797,86.02328491210938,89.43689727783203,88.47468566894531,86.24794006347656,88.02119445800781,89.73595428466797,86.53760528564453,89.17557525634766,86.61540985107422,85.50714111328125,34.0
82,82.49909973144531,82.54592895507812,83.979736328125,83.92440032958984,88.73389434814453,84.48297119140625,83.18545532226562,85.25709533691406,87.09220123291016,82.27322387695312,87.09498596191406,83.4825210571289,83.73897552490234,14.0
83,96.70838928222656,107.21802520751953,101.89712524414062,99.79536437988281,99.88912963867188,108.39189147949219,98.67731475830078,99.37128448486328,95.45188903808594,102.86980438232422,97.0567398071289,95.7667236328125,99.46260070800781,150.0
84,93.86593627929688,92.68194580078125,96.95091247558594,92.48529052734375,95.57373809814453,97.89486694335938,93.94871520996094,94.38053131103516,99.94834899902344,97.93534088134766,96.21673583984375,90.02960968017578,95.8663558959961,150.0
85,92.50846099853516,92.71658325195312,93.8617172241211,91.51768493652344,93.73445892333984,96.70932006835938,92.09893798828125,93.04463195800781,96.57872009277344,95.2282485961914,94.95785522460938,89.6775894165039,93.49724578857422,150.0
86,92.2551498413086,92.63922119140625,90.44120025634766,92.27777099609375,92.57793426513672,91.81907653808594,90.76216125488281,91.788818359375,92.05413818359375,93.35318756103516,93.7281265258789,89.85822296142578,91.00748443603516,150.0
87,91.29829406738281,91.71770477294922,89.7886962890625,91.42929077148438,91.80300903320312,89.77561950683594,90.18603515625,91.10646057128906,89.87860107421875,92.5398941040039,92.93058013916016,89.35369110107422,90.36296844482422,134.0
88,90.71735382080078,90.47209930419922,88.81551361083984,90.35865783691406,90.89156341552734,89.42645263671875,89.48600769042969,90.31417846679688,89.42472839355469,91.60332489013672,91.98477935791016,88.67208862304688,89.36446380615234,114.0
89,94.2504653930664,93.57075500488281,90.53449249267578,91.10890197753906,92.84639739990234,90.49896240234375,89.42854309082031,91.31367492675781,90.12159729003906,91.27117919921875,92.62909698486328,90.48103332519531,90.6142807006836,94.0
90,87.97296905517578,87.21072387695312,86.64525604248047,86.86215209960938,86.08258056640625,89.1003189086914,87.40238189697266,89.12576293945312,89.70336151123047,88.01223754882812,90.92388153076172,87.59579467773438,86.17845153808594,74.0
91,86.29967498779297,85.36402893066406,85.31433868408203,86.1916732788086,91.62511444091797,89.19306945800781,86.2419204711914,87.57075500488281,90.65422821044922,86.26248168945312,88.34070587158203,87.1740493774414,83.49188995361328,54.0
92,86.94841003417969,85.13543701171875,84.82662200927734,85.76367950439453,95.04072570800781,91.01407623291016,86.18328094482422,87.34972381591797,93.29194641113281,85.89767456054688,88.56205749511719,89.34620666503906,81.22635650634766,34.0
93,94.3700942993164,94.4271011352539,92.11695098876953,94.80381774902344,96.07727813720703,91.35509490966797,92.41873931884766,93.6565933227539,91.6907958984375,95.31903076171875,97.26187133789062,91.9695816040039,92.3072509765625,150.0
94,91.87228393554688,91.89004516601562,90.17656707763672,91.08782196044922,92.09107971191406,89.91808319091797,90.33373260498047,91.12562561035156,90.81366729736328,92.43864440917969,93.58712768554688,88.67119598388672,90.14862060546875,150.0
95,89.61775970458984,89.60974884033203,88.41798400878906,87.99012756347656,89.7685317993164,89.99532318115234,88.44588470458984,88.8344955444336,90.64246368408203,89.85206604003906,91.04118347167969,86.75218200683594,88.18936920166016,140.0
96,87.9607925415039,87.73270416259766,87.09090423583984,86.86192321777344,88.1718978881836,88.76630401611328,87.10187530517578,87.21862030029297,88.9560775756836,88.43254089355469,89.02882385253906,86.7199935913086,87.1120376586914,120.0
97,87.84488677978516,87.08983612060547,86.7952880859375,87.03023529052734,88.16104125976562,87.44529724121094,87.02334594726562,87.083740234375,87.18592071533203,88.43254089355469,88.91831970214844,86.86800384521484,87.1120376586914,100.0
98,87.68997192382812,87.08983612060547,86.7952880859375,87.59673309326172,88.16104125976562,87.44529724121094,87.02334594726562,87.083740234375,87.18592071533203,88.43254089355469,88.91831970214844,86.86800384521484,87.1120376586914,80.0
99,87.43292999267578,86.9527359008789,86.6751708984375,87.56503295898438,88.15872192382812,87.44529724121094,87.02334594726562,87.083740234375,87.18592071533203,88.43254089355469,88.91831970214844,86.86800384521484,87.1120376586914,60.0
100,85.9686279296875,85.07816314697266,85.47364807128906,85.76951599121094,83.09922790527344,86.9676742553711,85.6372299194336,86.19284057617188,87.6120376586914,85.74378967285156,87.57572174072266,86.28182983398438,85.60980987548828,40.0
101,83.47431945800781,83.65695190429688,84.59872436523438,84.24323272705078,89.52748107910156,86.0665054321289,84.86609649658203,85.93516540527344,87.47151947021484,83.17579650878906,86.48623657226562,85.50594329833984,84.05606079101562,20.0
102,79.54502868652344,82.88898468017578,83.9820556640625,84.57324981689453,92.20146942138672,86.2516098022461,84.39434051513672,83.91609191894531,88.3038558959961,84.08501434326172,88.65222930908203,85.13606262207031,81.64955139160156,0.0
103,87.89502716064453,88.70574188232422,86.89894104003906,87.5375747680664,88.22662353515625,89.97490692138672,87.21726989746094,87.04359436035156,90.15868377685547,88.235595703125,88.95237731933594,87.25650787353516,87.39572143554688,150.0
104,88.72948455810547,90.31250762939453,87.771484375,87.54730987548828,88.8399887084961,90.10848999023438,87.90892791748047,88.000244140625,90.58313751220703,88.54149627685547,90.32421875,87.25650787353516,88.13220977783203,150.0
105,89.34486389160156,88.89984130859375,87.86593627929688,88.7536392211914,89.7821273803711,90.14644622802734,88.68630981445312,88.91610717773438,91.16732025146484,89.49337005615234,91.27922058105469,86.91504669189453,87.64727020263672,135.0
106,89.61475372314453,88.65938568115234,88.15040588378906,88.0954818725586,90.01899719238281,88.27365112304688,88.8860855102539,89.13763427734375,88.52245330810547,89.76829528808594,91.47330474853516,87.25641632080078,88.01765441894531,115.0
107,89.70604705810547,88.98639678955078,88.41531372070312,88.48419952392578,89.92003631591797,88.3674545288086,88.8293685913086,89.04031372070312,88.49932098388672,89.68225860595703,91.27041625976562,87.56388854980469,88.14279174804688,95.0
108,89.6207275390625,88.7738265991211,88.24003601074219,89.15824127197266,89.85468292236328,88.65367889404297,88.83728790283203,88.99955749511719,88.65046691894531,89.65853118896484,91.03445434570312,87.88627624511719,88.08039093017578,75.0
109,89.8507308959961,88.81249237060547,88.27107238769531,89.01114654541016,90.1923599243164,89.52919006347656,89.2309799194336,89.39083862304688,89.30616760253906,90.10991668701172,91.12933349609375,88.87379455566406,88.3930435180664,55.0
110,87.82865905761719,86.29256439208984,86.14436340332031,85.50508117675781,89.2503890991211,88.05131530761719,86.72503662109375,87.1991958618164,88.37683868408203,85.75732421875,87.87904357910156,87.58518981933594,85.07164764404297,35.0
111,83.07830810546875,84.17340850830078,84.83927917480469,84.3982162475586,90.05247497558594,86.33075714111328,85.40985107421875,86.85033416748047,87.34371948242188,83.31825256347656,85.94869995117188,85.86532592773438,83.1657485961914,15.0
112,84.65657043457031,86.80950164794922,95.2031478881836,90.25782012939453,92.52589416503906,99.12158966064453,89.18829345703125,90.5040283203125,96.7390365600586,90.40414428710938,96.60846710205078,88.2648696899414,92.44125366210938,150.0
113,88.06748962402344,87.1241455078125,87.42607116699219,86.94835662841797,88.35030364990234,87.57044982910156,87.48635864257812,87.3506088256836,88.00867462158203,87.94636535644531,90.08135223388672,87.1100845336914,86.78130340576172,141.0
114,88.24618530273438,87.93997955322266,87.47650909423828,86.90477752685547,88.04644775390625,88.52515411376953,86.94236755371094,87.41415405273438,88.49610137939453,87.5472640991211,90.0528335571289,86.24952697753906,86.78130340576172,121.0
115,88.26457214355469,87.22925567626953,87.37956237792969,87.62211608886719,88.16903686523438,87.57044982910156,87.30797576904297,87.41338348388672,87.20362091064453,87.94636535644531,89.86540222167969,86.9883041381836,86.78130340576172,101.0
116,88.29029846191406,87.2030258178711,87.32996368408203,87.97339630126953,88.4510726928711,87.57044982910156,87.71034240722656,87.50310516357422,87.411865234375,88.02092742919922,89.71745300292969,87.30597686767578,86.78130340576172,81.0
117,88.59222412109375,87.37468719482422,87.40006256103516,87.93624877929688,88.78133392333984,88.17952728271484,88.22776794433594,87.98979949951172,88.06230926513672,88.39192199707031,89.80734252929688,87.47432708740234,87.08307647705078,61.0
118,87.92294311523438,86.47732543945312,86.41480255126953,85.86682891845703,88.92866516113281,88.14885711669922,87.11991119384766,87.3776626586914,88.38968658447266,86.2188720703125,88.43936157226562,87.76604461669922,85.51691436767578,41.0
119,84.77293395996094,84.49372863769531,85.05567932128906,84.63268280029297,89.33116912841797,87.0263900756836,85.63752746582031,86.70833587646484,87.92733764648438,83.93263244628906,86.50285339355469,86.66690826416016,84.35980987548828,21.0
120,80.72120666503906,83.39005279541016,84.2196273803711,83.35002136230469,89.11288452148438,85.34456634521484,85.23632049560547,84.08999633789062,86.44445037841797,81.16018676757812,84.0775375366211,85.79647827148438,82.75518798828125,1.0
121,87.52238464355469,86.15502166748047,86.69901275634766,87.28795623779297,87.74788665771484,87.25508880615234,87.09998321533203,86.50405883789062,88.81417083740234,87.43135070800781,88.6168441772461,86.94068908691406,86.36354064941406,150.0
122,87.99195098876953,86.69303131103516,87.20928192138672,87.034912109375,88.10739135742188,87.25508880615234,87.4562759399414,86.98503112792969,87.09735870361328,87.43135070800781,89.72723388671875,86.94068908691406,86.37898254394531,148.0
123,88.86315155029297,87.12448120117188,87.72836303710938,87.13182830810547,88.94203186035156,87.68095397949219,88.24258422851562,87.87197875976562,87.8390121459961,88.235595703125,90.65573120117188,86.81741333007812,87.07581329345703,128.0
124,89.53958129882812,88.13846588134766,88.37095642089844,88.09192657470703,89.7071762084961,88.39639282226562,88.84770965576172,88.66194152832031,88.5648193359375,89.15950012207031,91.39396667480469,87.11852264404297,87.73649597167969,108.0
125,90.08550262451172,88.69819641113281,88.77648162841797,89.78288269042969,90.38960266113281,89.15725708007812,89.5151138305664,89.37248229980469,89.18175506591797,89.95558166503906,91.93359375,88.01920318603516,88.31246948242188,88.0
126,90.56515502929688,89.1846694946289,89.08293914794922,90.01056671142578,91.00492858886719,90.00926971435547,90.12306213378906,90.06290435791016,89.81358337402344,90.68595886230469,92.26325988769531,89.154052734375,88.85243225097656,68.0
127,91.04281616210938,89.64053344726562,89.30371856689453,90.02949523925781,91.60968780517578,91.04338836669922,90.78791046142578,90.79116821289062,90.52985382080078,91.41275024414062,92.37889099121094,90.63003540039062,89.41156005859375,48.0
128,87.85591125488281,86.76151275634766,86.57242584228516,85.62895202636719,90.61537170410156,88.90959167480469,87.52432250976562,88.46817779541016,89.22712707519531,85.89614868164062,88.10025024414062,88.97503662109375,85.07305908203125,28.0
129,79.55929565429688,83.067138671875,84.0410385131836,83.5372314453125,83.48068237304688,84.47626495361328,85.07992553710938,84.32177734375,84.67806243896484,81.85307312011719,83.43219757080078,85.43553161621094,81.79512023925781,8.0
130,87.10881805419922,87.0664291381836,86.57827758789062,87.94622039794922,87.17726135253906,86.90478515625,87.02738189697266,87.6732406616211,86.65632629394531,87.39358520507812,87.67733764648438,87.94034576416016,85.355224609375,150.0
131,86.98656463623047,85.04737091064453,85.99004364013672,86.39056396484375,87.10226440429688,86.7124252319336,86.66822814941406,86.06847381591797,86.22339630126953,86.72465515136719,87.67733764648438,86.10624694824219,85.69538879394531,150.0
132,88.81967163085938,89.06977081298828,87.96619415283203,87.66384887695312,89.37252044677734,89.84422302246094,88.25981140136719,87.82109832763672,90.73616027832031,88.63037109375,91.04327392578125,86.22388458251953,87.11917877197266,136.0
133,89.95948791503906,88.39886474609375,88.8321762084961,90.0993881225586,90.60375213623047,89.11697387695312,89.48429870605469,89.13103485107422,90.1460952758789,90.01876831054688,92.19660949707031,87.40848541259766,88.20770263671875,116.0
134,89.70165252685547,88.1876220703125,88.58428192138672,89.68680572509766,90.3178939819336,89.02851867675781,89.38949584960938,89.01447296142578,89.05613708496094,89.77555847167969,91.74420166015625,87.66204833984375,88.07571411132812,96.0
135,88.95073699951172,87.48515319824219,87.88522338867188,88.60389709472656,89.44536590576172,88.65388488769531,88.88229370117188,88.40186309814453,88.49183654785156,88.90731811523438,90.57618713378906,87.66111755371094,87.49083709716797,76.0
136,88.55867767333984,87.14612579345703,87.39771270751953,87.67819213867188,88.89713287353516,88.728271484375,88.74322509765625,88.22376251220703,88.26895141601562,88.420654296875,89.5989990234375,88.32941436767578,87.22345733642578,56.0
137,88.51821899414062,86.86526489257812,86.77579498291016,85.31851196289062,95.25333404541016,89.12089538574219,87.83918762207031,88.4881362915039,89.14244079589844,85.7890853881836,94.954345703125,89.77420806884766,86.09065246582031,36.0
138,84.20207977294922,84.18053436279297,84.4277114868164,83.57264709472656,83.00567626953125,86.47185516357422,85.40435791015625,85.43724822998047,86.98405456542969,82.5027847290039,84.72368621826172,87.35835266113281,82.77229309082031,16.0
139,86.98656463623047,85.28916931152344,86.16331481933594,85.01335144042969,87.10226440429688,86.7124252319336,86.66822814941406,85.89522552490234,86.32827758789062,86.72465515136719,87.67733764648438,86.20030975341797,85.77572631835938,150.0
140,86.78607940673828,85.20733642578125,86.36802673339844,85.91297149658203,87.21546173095703,86.47756958007812,86.63917541503906,85.62260437011719,86.32865905761719,86.37232208251953,88.64913940429688,86.16100311279297,85.53189086914062,150.0
141,88.42218780517578,86.6702651977539,87.72310638427734,87.86911010742188,89.06697845458984,87.73573303222656,88.02997589111328,87.30987548828125,87.88693237304688,88.25433349609375,90.6375503540039,86.14185333251953,86.84330749511719,132.0
142,89.0000228881836,87.24202728271484,88.12722778320312,89.31253051757812,89.65538024902344,88.33952331542969,88.74598693847656,87.98438262939453,88.48404693603516,88.90972900390625,91.12493133544922,86.5298080444336,87.38691711425781,112.0
143,88.79222106933594,87.06475067138672,87.87316131591797,88.827392578125,89.31493377685547,88.28257751464844,88.64952087402344,87.87693786621094,88.30623626708984,88.60265350341797,90.61275482177734,86.74740600585938,87.22264099121094,92.0
144,88.3144760131836,86.6363754272461,87.33558654785156,87.88388061523438,88.59673309326172,88.04573059082031,88.34239959716797,87.53501892089844,87.8652572631836,87.92000579833984,89.59180450439453,87.02498626708984,86.79959869384766,72.0
145,88.06189727783203,86.45489501953125,86.84471130371094,86.40080261230469,88.01625061035156,88.10977172851562,87.90489196777344,87.50611877441406,87.59149169921875,86.72874450683594,88.5600357055664,87.90242767333984,86.45486450195312,52.0
146,85.08927154541016,83.87626647949219,84.40247344970703,83.87202453613281,81.1809310913086,85.59909057617188,85.09532928466797,85.24871826171875,85.66371154785156,83.35194396972656,85.0723648071289,86.51363372802734,83.91571044921875,32.0
147,80.72412872314453,82.75733947753906,83.63156127929688,82.13169860839844,67.83250427246094,83.6561279296875,84.22135925292969,82.78675842285156,83.66067504882812,80.63734436035156,80.3198013305664,84.89759063720703,82.8468246459961,12.0
148,86.7647476196289,85.17692565917969,86.01014709472656,86.17236328125,86.75885009765625,86.47756958007812,86.53836059570312,85.61085510253906,86.06002807617188,86.35494995117188,87.26385498046875,86.3221664428711,85.53189086914062,150.0
149,86.7647476196289,85.17692565917969,86.01014709472656,85.5167236328125,86.75885009765625,86.47756958007812,86.53836059570312,85.61085510253906,86.06002807617188,86.35494995117188,87.26385498046875,86.3221664428711,85.53189086914062,150.0
150,87.06329345703125,85.38522338867188,86.66116333007812,86.40020751953125,87.16353607177734,86.79903411865234,87.07205963134766,85.87491607666016,86.93050384521484,86.62081146240234,88.6259765625,86.31790924072266,85.68328857421875,138.0
151,88.26117706298828,86.37281036376953,87.58358764648438,87.66177368164062,88.43624114990234,87.87357330322266,88.23212432861328,87.1150131225586,87.98375701904297,87.91806030273438,89.8517837524414,86.43054962158203,86.77154541015625,118.0
152,88.57820129394531,86.70384979248047,87.7256088256836,88.55231475830078,88.7171630859375,88.2078628540039,88.54358673095703,87.52753448486328,88.17278289794922,88.1921157836914,89.94985961914062,86.70621490478516,87.02812194824219,98.0
153,88.55762481689453,86.73255157470703,87.55643463134766,88.0953598022461,88.6203384399414,88.26932525634766,88.57955932617188,87.63648223876953,88.0306625366211,88.02715301513672,89.54588317871094,87.2911605834961,86.96955871582031,78.0
154,88.83023071289062,87.07380676269531,87.54523468017578,87.70918273925781,88.8009262084961,88.6452865600586,88.9132080078125,88.1271743774414,88.09050750732422,88.14817810058594,89.2654800415039,88.48124694824219,87.1587142944336,58.0
155,88.18499755859375,86.70353698730469,86.6227035522461,84.98103332519531,90.8353500366211,88.19950103759766,87.66155242919922,88.0743179321289,87.92900848388672,85.11921691894531,87.64332580566406,89.38115692138672,85.36455535888672,38.0
156,84.08653259277344,84.6519546508789,84.43933868408203,83.47116088867188,85.97782135009766,85.56635284423828,85.64031982421875,85.90775299072266,85.52607727050781,82.59610748291016,83.83692169189453,87.468994140625,83.29916381835938,18.0
157,86.77658081054688,89.33341217041016,86.28150939941406,88.22270202636719,89.16048431396484,91.1179428100586,88.10318756103516,88.43570709228516,94.72529602050781,86.24263000488281,87.4653091430664,87.66932678222656,88.39990234375,150.0
158,88.42877197265625,98.75633239746094,90.18975067138672,100.52786254882812,98.0141372680664,101.28070831298828,93.96259307861328,96.80247497558594,105.81686401367188,90.65589141845703,92.88998413085938,99.30782318115234,99.59237670898438,150.0
159,88.15483856201172,102.02003479003906,100.11605834960938,107.551025390625,105.72481536865234,98.74762725830078,97.69841766357422,91.9766616821289,123.7823257446289,88.99785614013672,90.07599639892578,109.4545669555664,97.60783386230469,133.0
160,87.95755004882812,86.85784912109375,87.68331909179688,89.30951690673828,88.7831039428711,88.467529296875,87.19169616699219,86.94889831542969,101.90657043457031,86.87985229492188,88.79444122314453,89.66988372802734,86.45414733886719,113.0
161,89.78028106689453,87.57466888427734,88.66272735595703,88.55117797851562,89.22929382324219,89.15572357177734,89.27855682373047,88.44580078125,88.69610595703125,88.96554565429688,90.66895294189453,87.64066314697266,87.96244812011719,93.0
162,90.97307586669922,88.8082275390625,89.61744689941406,90.6327133178711,90.76406860351562,90.39628601074219,90.73310852050781,89.91580963134766,89.92514038085938,90.73455810546875,92.09387969970703,89.18485260009766,89.17410278320312,73.0
163,91.57855987548828,89.57157135009766,90.0158462524414,90.87909698486328,91.65777587890625,91.1576156616211,91.48626708984375,90.90608978271484,90.47088623046875,91.76661682128906,92.6319351196289,90.60755157470703,89.83384704589844,53.0
164,88.43656921386719,86.81402587890625,86.73728942871094,85.60449981689453,89.075927734375,87.3346939086914,87.70013427734375,87.44285583496094,86.86904907226562,86.09957885742188,87.53112030029297,87.75542449951172,84.73028564453125,33.0
165,80.9163589477539,82.3756332397461,83.71498107910156,82.04387664794922,85.92736053466797,81.62014770507812,84.0540542602539,83.3194351196289,81.6425552368164,80.75900268554688,80.96338653564453,84.17529296875,83.42887878417969,13.0
166,95.90396881103516,96.0407485961914,94.63287353515625,96.8353271484375,105.622314453125,103.71202850341797,94.88578796386719,96.42063903808594,108.20552062988281,95.6597900390625,96.86434936523438,93.99388122558594,97.60820007324219,150.0
167,102.15470886230469,93.95457458496094,103.14879608154297,101.17717742919922,103.78482055664062,101.33130645751953,104.53507232666016,94.1559066772461,113.15652465820312,100.70523071289062,94.98825073242188,100.44849395751953,100.31562805175781,150.0
168,104.86754608154297,97.15229797363281,105.83090209960938,96.83683013916016,103.8380126953125,100.74976348876953,100.1302719116211,92.30323791503906,119.18905639648438,93.61074829101562,93.39214324951172,100.18509674072266,96.94700622558594,150.0
169,101.33645629882812,96.93246459960938,100.45899963378906,94.90638732910156,98.61239624023438,95.09762573242188,97.23676300048828,91.02141571044922,112.70486450195312,92.20260620117188,92.19218444824219,97.8942642211914,91.61711120605469,150.0
170,100.08515930175781,102.10087585449219,106.62860107421875,105.01229858398438,107.75284576416016,103.2486572265625,107.15879821777344,96.59004211425781,110.34483337402344,97.02326965332031,98.10760498046875,111.41963958740234,103.01742553710938,150.0
171,105.59915161132812,106.41737365722656,106.09786224365234,106.98992919921875,113.51768493652344,106.78218841552734,109.58706665039062,107.87283325195312,109.94794464111328,105.84361267089844,106.4212417602539,113.78843688964844,106.34147644042969,150.0
172,123.16725158691406,123.21878814697266,115.55193328857422,117.45008087158203,127.91918182373047,117.6462173461914,117.57890319824219,118.7679672241211,109.21697998046875,111.09355163574219,118.52658081054688,115.6436996459961,108.45374298095703,135.0
173,132.7510223388672,136.43032836914062,120.03890228271484,137.45472717285156,145.19984436035156,132.19068908691406,124.78109741210938,143.72528076171875,118.07840728759766,136.26744079589844,143.03652954101562,128.9555206298828,123.55171203613281,115.0
174,116.16383361816406,101.8708724975586,89.68045806884766,99.28083038330078,140.98585510253906,109.46485137939453,94.52922058105469,116.1968994140625,91.54397583007812,99.33816528320312,130.7347869873047,93.35585021972656,93.15770721435547,95.0
175,86.96516418457031,98.78944396972656,96.2826156616211,100.14897918701172,105.0040283203125,103.75138092041016,109.82054138183594,109.59815216064453,105.31685638427734,120.47653198242188,99.13202667236328,105.9368896484375,115.79727172851562,75.0
176,80.36911010742188,85.7054672241211,91.59276580810547,92.44026947021484,93.82217407226562,94.78285217285156,88.55351257324219,88.4683837890625,92.51876831054688,90.13674926757812,93.79254150390625,87.07723236083984,92.82791900634766,117.0
177,88.28577423095703,86.13478088378906,88.04120635986328,88.80113983154297,87.34673309326172,88.17202758789062,88.53553771972656,86.9488525390625,87.47026824951172,88.16930389404297,89.81454467773438,87.04646301269531,87.21729278564453,97.0
178,87.39250183105469,85.60884094238281,87.12979888916016,87.6275634765625,86.94900512695312,87.22974395751953,87.54617309570312,86.13430786132812,86.41441345214844,86.90534973144531,88.30059814453125,87.07723236083984,86.14202117919922,77.0
179,87.39250183105469,85.60884094238281,86.78408813476562,86.6262435913086,86.94900512695312,86.93140411376953,87.2978515625,86.13430786132812,86.08055877685547,86.70512390136719,87.33901977539062,87.07723236083984,86.12889862060547,57.0
180,87.81558990478516,86.0019760131836,87.31988525390625,86.98486328125,86.9457778930664,87.25659942626953,87.76115417480469,86.49676513671875,86.2392578125,87.08329772949219,87.5181655883789,87.52418518066406,86.61140441894531,37.0
181,85.67440032958984,84.35198211669922,86.15277862548828,84.692626953125,85.06803894042969,84.45386505126953,85.97227478027344,83.85323333740234,83.86993408203125,83.86329650878906,84.52520751953125,86.11654663085938,85.49034118652344,17.0
182,87.81558990478516,85.3200912475586,86.64530181884766,85.7416763305664,86.9457778930664,87.25659942626953,87.76115417480469,86.49676513671875,86.21958923339844,87.08329772949219,87.5181655883789,88.74583435058594,86.32892608642578,150.0
183,87.81558990478516,91.11121368408203,87.42079162597656,89.06139373779297,89.33157348632812,91.62909698486328,89.62721252441406,90.07948303222656,89.27046203613281,87.1150894165039,88.57408142089844,87.67953491210938,88.78572082519531,132.0
184,90.78660583496094,91.95806121826172,90.10358428955078,92.53710174560547,90.60671997070312,93.39995574951172,91.63456726074219,92.2201919555664,91.16291809082031,90.76968383789062,92.25393676757812,88.25985717773438,90.54216766357422,112.0
185,91.48135375976562,89.1639175415039,90.63992309570312,91.70870208740234,90.03075408935547,91.10102844238281,91.56375885009766,90.45709991455078,89.79624938964844,91.66062927246094,92.61074829101562,89.2386474609375,90.14240264892578,92.0
186,90.07917022705078,87.95323181152344,89.4489974975586,90.02005004882812,88.88459777832031,89.87054443359375,90.39007568359375,89.13434600830078,88.62799072265625,89.98246765136719,90.92269134521484,88.45245361328125,88.87818908691406,72.0
187,88.28876495361328,86.52204132080078,87.787109375,87.55754089355469,87.50907897949219,88.19956970214844,88.82933044433594,87.4531021118164,87.03472900390625,87.63516235351562,88.44669342041016,87.73936462402344,87.08560180664062,52.0
188,86.7784194946289,85.06635284423828,86.3136215209961,85.43086242675781,86.51295471191406,85.8836898803711,86.481689453125,85.3230972290039,85.01800537109375,85.14913177490234,85.91503143310547,86.86798095703125,85.72480010986328,32.0
189,83.4090576171875,84.30974578857422,85.6436767578125,83.89837646484375,86.49231719970703,83.1288833618164,85.65580749511719,84.56761932373047,82.7073974609375,82.59606170654297,82.35426330566406,85.88160705566406,85.27474975585938,12.0
190,88.04403686523438,86.00045776367188,88.4040298461914,89.64207458496094,86.51618957519531,88.28670501708984,88.64633178710938,87.03511047363281,86.7929458618164,88.5152816772461,89.5926284790039,87.5076675415039,87.58194732666016,150.0
191,87.90476989746094,85.98290252685547,88.24376678466797,89.12181091308594,86.51618957519531,88.14207458496094,88.55681610107422,86.8966064453125,86.62757873535156,88.25804138183594,89.24058532714844,87.5076675415039,87.45298767089844,140.0
192,88.16615295410156,85.65049743652344,87.5740737915039,87.77112579345703,87.9430160522461,90.3177490234375,88.5256576538086,87.38861083984375,89.67310333251953,88.86930847167969,88.65184020996094,87.22547912597656,89.75442504882812,120.0
193,88.3834228515625,85.75003814697266,87.5770492553711,88.01531982421875,88.99455261230469,90.82843017578125,89.44300842285156,88.17643737792969,88.82128143310547,89.51358032226562,88.3896484375,87.30523681640625,90.44483184814453,100.0
194,87.75416564941406,85.94852447509766,87.59281158447266,87.404541015625,87.11698913574219,88.42491912841797,88.0229721069336,86.50483703613281,87.1423568725586,87.17029571533203,87.80120849609375,87.5076675415039,87.9459457397461,80.0
195,88.15721130371094,86.42594909667969,87.81912231445312,87.41990661621094,86.98966217041016,87.9856948852539,88.72167205810547,87.26859283447266,86.62460327148438,87.44158935546875,88.05781555175781,87.66070556640625,87.04744720458984,60.0
196,90.2613525390625,88.44239807128906,88.87824249267578,87.4017333984375,89.57494354248047,89.42037200927734,89.955078125,89.46220397949219,88.06743621826172,87.61672973632812,89.03187561035156,90.74725341796875,88.30194091796875,40.0
197,89.12513732910156,88.42798614501953,87.52821350097656,85.2134780883789,90.83811950683594,87.44448852539062,88.10944366455078,88.70951080322266,86.88199615478516,84.8253173828125,85.117431640625,91.17606353759766,85.50715637207031,20.0
198,85.61054992675781,88.07821655273438,86.59032440185547,85.08235931396484,92.196044921875,84.68929290771484,88.09576416015625,88.16166687011719,84.66415405273438,83.30046081542969,81.14425659179688,90.44322204589844,83.3625259399414,0.0
199,87.75416564941406,89.81952667236328,87.3779067993164,88.19954681396484,87.93608856201172,90.0164566040039,88.66222381591797,89.35733032226562,87.31769561767578,87.01539611816406,88.30733489990234,87.5076675415039,88.11235809326172,150.0
200,87.64393615722656,85.87444305419922,87.3856201171875,86.75611877441406,86.0699462890625,86.90774536132812,87.63213348388672,86.27127075195312,85.71537017822266,86.92035675048828,86.9585952758789,87.43130493164062,86.62444305419922,134.0
201,87.81939697265625,85.87444305419922,87.86492919921875,88.05126953125,86.0699462890625,87.62965393066406,88.17472076416016,86.55545806884766,85.88904571533203,87.31355285644531,88.28005981445312,87.43130493164062,87.03399658203125,114.0
202,89.07820129394531,86.83021545410156,89.01051330566406,89.39214324951172,86.5740966796875,88.94631958007812,89.52864837646484,87.98133850097656,87.17675018310547,89.03704833984375,89.7614974975586,87.43130493164062,88.37767028808594,94.0
203,89.43968200683594,87.32084655761719,89.24652099609375,89.50173950195312,87.22624206542969,89.27090454101562,89.92757415771484,88.47076416015625,87.57791137695312,89.5208511352539,89.95673370361328,87.8702163696289,88.656982421875,74.0
204,89.488037109375,87.66255187988281,88.8666000366211,88.66951751708984,87.5634765625,88.80009460449219,89.78466033935547,88.39646911621094,87.47891998291016,89.32721710205078,89.37484741210938,88.4809341430664,88.17369079589844,54.0
205,86.17512512207031,85.44338989257812,86.27830505371094,85.02871704101562,85.82455444335938,84.92092895507812,86.76969909667969,85.14874267578125,84.21998596191406,84.98432159423828,84.14761352539062,86.23807525634766,85.43042755126953,34.0
206,83.66033172607422,85.30523681640625,86.01349639892578,84.04570770263672,85.761474609375,83.18606567382812,86.29730987548828,84.74097442626953,82.66535186767578,83.09125518798828,81.47370147705078,86.10150909423828,85.1520767211914,14.0
207,87.64393615722656,85.75154876708984,87.53099060058594,88.02579498291016,85.18804931640625,86.96614074707031,87.03629302978516,85.40215301513672,85.49872589111328,87.12699890136719,88.56076049804688,86.05511474609375,87.00740051269531,150.0
208,89.08930206298828,91.06916809082031,89.39555358886719,91.9778060913086,87.83489990234375,92.47026062011719,90.92731475830078,91.65631103515625,88.11054229736328,89.80767822265625,91.42412567138672,87.4161148071289,89.77264404296875,150.0
209,91.31489562988281,91.65391540527344,90.0307846069336,92.93368530273438,91.82284545898438,102.65403747558594,93.4870834350586,97.8931655883789,92.69757080078125,93.47382354736328,92.47026824951172,87.58468627929688,96.97285461425781,142.0
210,91.9138412475586,87.96236419677734,90.65523529052734,92.32209777832031,90.83920288085938,93.93294525146484,92.91040802001953,92.1238784790039,91.72476196289062,93.95919036865234,91.99254608154297,88.06260681152344,94.84524536132812,122.0
211,89.99700927734375,87.92652130126953,90.00233459472656,90.32266235351562,87.78207397460938,90.4381103515625,90.59088897705078,89.14643096923828,88.54691314697266,90.4217758178711,90.61609649658203,88.38851165771484,90.61255645751953,102.0
212,90.00385284423828,88.04766845703125,89.69307708740234,89.62663269042969,87.7635498046875,89.61624908447266,90.48409271240234,89.14334869384766,87.91653442382812,89.95425415039062,90.06319427490234,89.02960205078125,89.19178009033203,82.0
213,90.37374877929688,89.15421295166016,89.54021453857422,89.1175537109375,88.83024597167969,89.65267181396484,90.73591613769531,89.72725677490234,88.1908187866211,89.8755874633789,89.57840728759766,90.25373077392578,89.04198455810547,62.0
214,103.5958023071289,98.76073455810547,89.22537994384766,87.19246673583984,95.24282836914062,91.16614532470703,90.07781219482422,90.32627868652344,88.64350128173828,87.65225219726562,101.20298767089844,91.94493103027344,87.4330825805664,42.0
215,100.19573211669922,91.19799041748047,87.3696517944336,86.34076690673828,91.60189819335938,87.53739166259766,88.85167694091797,89.83708190917969,86.42229461669922,86.0079345703125,91.96717834472656,92.22704315185547,82.88689422607422,22.0
216,86.06279754638672,90.90541076660156,85.07698822021484,86.02417755126953,93.29631805419922,82.9124984741211,86.5569076538086,88.2760238647461,83.68830108642578,86.26787567138672,86.8746109008789,98.0864028930664,80.9537124633789,2.0
217,87.7442855834961,86.02210235595703,87.48399353027344,86.8249282836914,85.8897705078125,86.89214324951172,87.71531677246094,86.3414077758789,85.52660369873047,87.0281982421875,86.88794708251953,87.5414047241211,86.79553985595703,150.0
218,87.7442855834961,86.0007553100586,87.73464965820312,87.83303833007812,85.48158264160156,87.33744049072266,87.61567687988281,86.59012603759766,85.52637481689453,87.22770690917969,87.6612777709961,87.1829605102539,86.94560241699219,150.0
219,89.47537231445312,92.78345489501953,95.85851287841797,91.54720306396484,95.02580261230469,92.58453369140625,97.0482406616211,92.84066772460938,90.90143585205078,93.46708679199219,91.53848266601562,98.27947235107422,93.43507385253906,150.0
220,114.38150024414062,128.46652221679688,132.491943359375,141.08023071289062,139.25050354003906,134.33401489257812,135.9194793701172,133.89622497558594,129.4772186279297,144.36764526367188,121.41255950927734,128.77281188964844,134.1392364501953,150.0
221,130.82301330566406,144.81124877929688,139.95883178710938,158.7843780517578,150.3081512451172,147.5416717529297,144.01651000976562,157.51278686523438,135.84059143066406,170.82107543945312,143.7925262451172,144.49835205078125,148.3599395751953,150.0
222,134.16903686523438,144.66087341308594,136.5970458984375,155.76583862304688,148.072998046875,144.35430908203125,140.22158813476562,158.407958984375,133.59645080566406,169.4651641845703,148.3732452392578,145.64443969726562,145.83111572265625,150.0
223,135.22499084472656,145.99900817871094,133.64791870117188,146.9661407470703,145.95298767089844,141.77590942382812,131.81256103515625,154.58978271484375,127.13330841064453,144.96539306640625,148.1503448486328,142.656494140625,138.4866180419922,150.0
224,137.78858947753906,148.28941345214844,130.71231079101562,139.0091094970703,147.0851287841797,144.16287231445312,127.69428253173828,159.36964416503906,126.87267303466797,126.44947052001953,154.55941772460938,144.32286071777344,138.70333862304688,150.0
225,137.69989013671875,148.7001190185547,127.76386260986328,135.8710174560547,145.5918731689453,142.81674194335938,125.62179565429688,158.95126342773438,122.50335693359375,108.61181640625,156.1898193359375,142.28738403320312,137.5606689453125,133.0
226,132.57537841796875,144.0457763671875,120.18031311035156,132.2508087158203,138.03211975097656,139.08673095703125,125.56060028076172,156.2478485107422,112.93629455566406,97.31680297851562,151.44317626953125,133.99842834472656,130.0914764404297,113.0
227,87.81101989746094,86.11807250976562,87.74867248535156,86.87640380859375,87.95455169677734,89.37489318847656,88.63692474365234,88.23855590820312,88.17383575439453,88.91167449951172,86.76068878173828,87.64491271972656,90.68506622314453,150.0
228,87.74666595458984,86.11807250976562,87.74867248535156,86.96235656738281,85.6829833984375,86.8532485961914,87.7518081665039,86.37748718261719,85.70527648925781,87.10247039794922,86.76068878173828,87.64491271972656,86.94465637207031,150.0
229,87.74666595458984,85.98653411865234,87.81439971923828,87.77305603027344,85.6829833984375,87.20482635498047,87.87300109863281,86.37748718261719,85.58917236328125,87.2226333618164,87.67445373535156,87.64491271972656,87.01435089111328,139.0
230,89.29302978515625,86.9526138305664,89.75715637207031,89.57655334472656,85.88282775878906,88.81190490722656,89.74812316894531,87.50403594970703,87.00762939453125,88.98970794677734,89.4107437133789,88.19656372070312,88.88861846923828,119.0
231,90.74282836914062,88.20873260498047,90.8660888671875,90.70354461669922,86.70991516113281,89.99103546142578,91.0417709350586,88.9551010131836,88.30331420898438,90.57058715820312,90.57899475097656,88.50423431396484,90.05146789550781,99.0
232,92.09358978271484,89.65550994873047,91.84185028076172,91.52462005615234,88.40003967285156,91.0396728515625,92.26306915283203,90.35674285888672,89.57243347167969,91.95360565185547,91.45526885986328,90.32846069335938,91.05281066894531,79.0
233,93.27533721923828,91.06627655029297,92.57015991210938,91.83429718017578,90.24674224853516,91.85052490234375,93.33541107177734,91.6268310546875,90.7442626953125,92.9634780883789,91.8597412109375,92.3949203491211,91.783935546875,59.0
234,92.33338165283203,90.68855285644531,91.22565460205078,88.49040985107422,90.09654235839844,89.86807250976562,91.4483871459961,89.9371566772461,89.59635925292969,89.2817153930664,88.23422241210938,92.14270782470703,88.68128967285156,39.0
235,86.54518127441406,88.31510925292969,88.43440246582031,86.41537475585938,88.2643051147461,85.52354431152344,88.79198455810547,86.55551147460938,86.15409851074219,86.10321044921875,82.28286743164062,89.46784210205078,86.36929321289062,19.0
236,97.25686645507812,116.29033660888672,94.96353149414062,103.45683288574219,94.9520263671875,95.5003662109375,114.55425262451172,99.03717041015625,95.48478698730469,133.07656860351562,100.0455093383789,100.70133209228516,101.15780639648438,150.0
237,110.86180114746094,101.94416809082031,99.53402709960938,99.99396514892578,96.807373046875,99.92495727539062,103.05062103271484,99.60208129882812,96.82269287109375,105.5511703491211,97.5777816772461,96.90230560302734,101.630126953125,150.0
238,106.8046875,100.94623565673828,98.4283218383789,99.84195709228516,95.97368621826172,99.08971405029297,102.23297882080078,100.24805450439453,96.62028503417969,104.19593811035156,97.98751068115234,96.71402740478516,102.24913024902344,150.0
239,109.28230285644531,113.25567626953125,112.69952392578125,112.9410400390625,113.81227111816406,112.98509979248047,114.98051452636719,107.65888214111328,103.40469360351562,114.02954864501953,102.88790130615234,103.56932830810547,111.19526672363281,150.0
240,126.61922454833984,137.6538543701172,142.25674438476562,148.11073303222656,143.26144409179688,144.58670043945312,145.850830078125,146.2679901123047,137.70416259765625,149.57760620117188,134.05947875976562,139.35055541992188,145.85888671875,150.0
241,124.57453155517578,136.1139373779297,140.62913513183594,142.50283813476562,140.39476013183594,140.4725341796875,143.96826171875,142.71778869628906,134.97927856445312,145.288818359375,137.24798583984375,142.86886596679688,144.6815643310547,150.0
242,131.92201232910156,136.5795135498047,132.8418731689453,132.6606903076172,133.85487365722656,134.9520263671875,136.21160888671875,137.45152282714844,131.15550231933594,139.50747680664062,139.92037963867188,141.78187561035156,137.7935791015625,150.0
243,137.52609252929688,142.93218994140625,135.9142608642578,144.814453125,139.25587463378906,141.99380493164062,139.78155517578125,147.31419372558594,131.83395385742188,140.2151641845703,145.33935546875,141.97708129882812,139.5655517578125,150.0
244,141.2903289794922,147.8519287109375,136.81985473632812,149.42478942871094,142.6059112548828,145.25360107421875,140.59915161132812,153.47889709472656,131.7542266845703,148.53274536132812,151.7738800048828,145.1488037109375,142.8260955810547,150.0
245,140.91526794433594,149.30996704101562,132.65310668945312,150.8073272705078,141.52491760253906,147.3037109375,137.93319702148438,157.19613647460938,125.17874145507812,151.74420166015625,153.19786071777344,143.4734649658203,138.3629150390625,150.0
246,119.27336120605469,160.25350952148438,150.97364807128906,155.18821716308594,135.03543090820312,152.8316650390625,146.49801635742188,154.7671356201172,131.86566162109375,179.89088439941406,144.46495056152344,134.47792053222656,142.63304138183594,150.0
247,121.89929962158203,150.03195190429688,152.9314422607422,160.90948486328125,149.4980926513672,153.31912231445312,151.16688537597656,156.69041442871094,141.39833068847656,183.9009552001953,132.63526916503906,137.79052734375,152.83575439453125,150.0
248,123.84337615966797,143.53404235839844,151.3104248046875,164.0236053466797,152.32997131347656,150.82693481445312,151.8564910888672,153.1766815185547,145.15765380859375,175.60671997070312,137.57858276367188,128.70411682128906,156.47946166992188,150.0
249,116.79472351074219,112.31370544433594,134.7279510498047,134.5454559326172,136.62266540527344,134.44027709960938,140.5474853515625,129.7396697998047,136.7040557861328,142.75094604492188,117.19578552246094,114.57444763183594,135.7986297607422,149.0
250,92.71094512939453,88.96507263183594,93.56080627441406,91.04234313964844,91.77208709716797,92.20993041992188,96.20316314697266,90.41246032714844,91.33270263671875,90.305419921875,91.2894287109375,92.15966033935547,92.98937225341797,129.0
251,90.72807312011719,87.12525939941406,89.99790954589844,88.37200164794922,85.74507904052734,88.23603057861328,89.95748901367188,86.66738891601562,88.01885986328125,87.8715591430664,88.55238342285156,88.68304443359375,88.92683410644531,109.0
252,93.64854431152344,88.20060729980469,89.13964080810547,87.10478973388672,86.25444030761719,87.87962341308594,90.26158905029297,86.18601989746094,87.51599884033203,87.64639282226562,86.79438018798828,88.42961883544922,88.1541976928711,89.0
253,106.27976989746094,100.84352111816406,90.04055786132812,86.50270080566406,88.56510162353516,89.90623474121094,89.87741088867188,87.74159240722656,89.81591033935547,87.64518737792969,92.32440185546875,90.97314453125,87.14017486572266,69.0
254,92.971435546875,91.64846801757812,92.30327606201172,88.07696533203125,92.05146026611328,90.3097915649414,92.87416076660156,89.92671966552734,92.02067565917969,88.93744659423828,84.91217803955078,95.89891815185547,87.14374542236328,49.0
255,96.71571350097656,98.16683959960938,97.16007995605469,90.453857421875,98.40766143798828,92.82928466796875,97.20536804199219,94.18190002441406,98.11803436279297,93.08393096923828,85.65914916992188,101.88935852050781,91.13532257080078,29.0
256,90.611083984375,87.95265197753906,90.70233917236328,88.37359619140625,86.89806365966797,88.50065612792969,90.03298950195312,87.2455062866211,88.82763671875,88.35657501220703,88.10968780517578,89.93892669677734,89.21765899658203,134.0
257,92.67030334472656,88.472412109375,92.65912628173828,91.94746398925781,86.89806365966797,90.94405364990234,91.94202423095703,88.91709899902344,89.690673828125,89.93130493164062,92.25182342529297,89.93892669677734,91.49279022216797,114.0
258,94.50244140625,91.36009216308594,93.56340789794922,93.08453369140625,91.47502899169922,95.33439636230469,95.46617889404297,97.56088256835938,92.958740234375,92.91346740722656,97.33014678955078,90.2039794921875,95.76097869873047,94.0
259,92.36152648925781,88.56849670410156,92.27948760986328,90.95073699951172,87.01771545410156,90.52583312988281,91.79503631591797,88.74618530273438,89.67840576171875,89.51272583007812,91.11054229736328,89.93892669677734,90.9417724609375,74.0
260,91.73675537109375,88.59078979492188,91.67096710205078,88.82848358154297,87.45833587646484,89.1873779296875,90.7276382446289,87.54378509521484,90.03732299804688,88.50447845458984,88.803466796875,90.817138671875,89.98174285888672,54.0
261,90.77421569824219,87.74063110351562,90.8541488647461,87.84632873535156,86.05625915527344,87.69820404052734,89.71918487548828,86.05883026123047,88.81076049804688,87.45207977294922,87.17196655273438,89.85176849365234,89.46173095703125,34.0
262,89.44813537597656,87.21272277832031,91.06800079345703,87.7457504272461,84.60836029052734,86.07127380371094,89.28790283203125,84.0800552368164,87.24860382080078,86.75647735595703,84.58207702636719,89.2242202758789,89.79766082763672,14.0
263,131.50372314453125,107.17448425292969,112.71217346191406,105.08827209472656,117.084228515625,112.86869812011719,110.74091339111328,113.7323989868164,112.20297241210938,108.17543029785156,113.48397827148438,116.69349670410156,95.88883972167969,150.0
264,117.69869995117188,108.65912628173828,123.22919464111328,105.832275390625,117.0340576171875,102.91385650634766,112.95233154296875,105.6019515991211,107.39958190917969,92.00328063964844,102.67774963378906,122.05668640136719,104.75313568115234,150.0
265,97.49613952636719,100.80016326904297,117.24529266357422,106.50487518310547,117.53461456298828,110.4234619140625,117.44639587402344,108.21208953857422,108.43441772460938,95.00812530517578,99.677734375,111.48551177978516,105.09668731689453,150.0
266,116.36170959472656,111.23726654052734,125.96940612792969,118.43339538574219,125.27713012695312,120.77754974365234,127.05546569824219,117.09637451171875,118.32604217529297,109.10502624511719,111.85002136230469,114.25505065917969,118.99162292480469,150.0
267,121.331787109375,117.13426208496094,128.85548400878906,121.66148376464844,124.3208236694336,121.56829071044922,125.59770202636719,117.5018539428711,119.52536010742188,112.28897857666016,115.44270324707031,117.55918884277344,121.93524932861328,150.0
268,117.7071762084961,114.91818237304688,123.11700439453125,116.30097961425781,115.46497344970703,114.83263397216797,118.42401123046875,111.32536315917969,112.21293640136719,107.03792572021484,111.4447021484375,114.68341064453125,115.99299621582031,147.0
269,126.14155578613281,124.4892578125,124.93486785888672,119.30343627929688,118.46928405761719,121.09669494628906,123.59526824951172,117.46602630615234,117.14994049072266,115.8403091430664,120.93618774414062,123.15997314453125,120.28244018554688,127.0
270,134.9591522216797,130.16726684570312,123.76072692871094,105.8746109008789,115.12828063964844,118.96685028076172,110.24541473388672,107.72636413574219,115.67083740234375,105.39921569824219,114.64179229736328,116.33085632324219,109.00544738769531,107.0
271,131.08888244628906,123.3668212890625,120.32046508789062,101.85730743408203,110.1159439086914,114.93997955322266,106.43123626708984,101.68400573730469,113.09954833984375,104.11715698242188,109.38624572753906,110.32555389404297,101.73607635498047,87.0
272,123.74549102783203,116.4290542602539,110.3931884765625,97.08281707763672,99.07884216308594,106.53886413574219,94.1228256225586,100.18229675292969,105.20116424560547,102.49674224853516,104.10509490966797,108.46759796142578,97.34628295898438,67.0
273,109.43408203125,99.9347152709961,101.428955078125,104.1027603149414,102.4665298461914,124.24154663085938,115.39105987548828,119.53474426269531,108.93797302246094,102.02790832519531,109.53240203857422,95.38409423828125,118.66947937011719,150.0
274,96.13182830810547,89.70111083984375,93.56149291992188,92.523681640625,90.54586791992188,94.32095336914062,93.29500579833984,92.09915161132812,91.71293640136719,88.9493408203125,94.7414321899414,91.69004821777344,93.95056915283203,148.0
275,93.14614868164062,89.3895263671875,92.12614440917969,89.8556137084961,88.01726531982422,89.70986938476562,91.22801208496094,87.61054992675781,91.29741668701172,88.9493408203125,90.84610748291016,91.54454040527344,90.85358428955078,128.0
276,92.79518127441406,89.36206817626953,92.34999084472656,89.39508056640625,88.01726531982422,89.70986938476562,91.3810806274414,87.98657989501953,91.26303100585938,88.9493408203125,89.88033294677734,91.45680236816406,90.85358428955078,108.0
277,92.941162109375,89.36206817626953,92.50189208984375,89.52367401123047,88.01726531982422,89.70986938476562,91.3810806274414,87.99495697021484,91.29741668701172,88.9493408203125,90.12098693847656,91.59870910644531,90.85358428955078,88.0
278,94.15447998046875,89.60346221923828,92.98606872558594,90.24556732177734,88.01726531982422,90.66594696044922,92.19185638427734,88.59144592285156,91.46852111816406,88.9493408203125,90.88726043701172,91.69004821777344,91.33824157714844,68.0
279,95.60979461669922,91.94731140136719,94.64436340332031,90.57877349853516,90.6915283203125,92.15457916259766,94.1832504272461,90.29314422607422,94.49577331542969,90.96823120117188,91.27149200439453,94.59721374511719,92.56008911132812,48.0
280,92.43362426757812,92.4188003540039,94.7729721069336,89.981201171875,91.63648223876953,90.75048065185547,94.61316680908203,88.97756958007812,95.99784851074219,91.2176742553711,87.47299194335938,95.0564193725586,92.3022689819336,28.0
281,89.94451141357422,91.62312316894531,95.20783996582031,90.47334289550781,91.37871551513672,88.74919128417969,94.90826416015625,86.66770935058594,95.50360870361328,96.70462036132812,84.61099243164062,94.32975769042969,93.34757232666016,8.0
282,95.40387725830078,93.50398254394531,93.48929595947266,90.9400634765625,88.61481475830078,90.23262786865234,92.30814361572266,88.49061584472656,92.49456787109375,89.50364685058594,93.82915496826172,92.518310546875,91.69046020507812,135.0
283,96.72692108154297,91.00666809082031,93.68268585205078,92.16549682617188,88.61481475830078,90.89196014404297,92.33963775634766,88.48053741455078,92.52970886230469,89.53060913085938,93.56177520751953,92.518310546875,91.8072509765625,115.0
284,96.67827606201172,89.99456787109375,93.537841796875,92.01417541503906,88.61481475830078,91.07162475585938,92.01476287841797,88.6281509399414,92.44670104980469,89.4778823852539,93.4688949584961,92.518310546875,92.03299713134766,95.0
285,95.4975814819336,89.99456787109375,93.20276641845703,91.05641174316406,88.61481475830078,90.59326171875,92.01476287841797,88.48053741455078,92.44670104980469,89.4778823852539,92.32170104980469,92.518310546875,91.69046020507812,75.0
286,93.59033966064453,89.99456787109375,93.1905746459961,90.03523254394531,88.61481475830078,90.23262786865234,92.01476287841797,88.48053741455078,92.44670104980469,89.4778823852539,90.28032684326172,92.518310546875,91.69046020507812,55.0
287,93.51356506347656,89.99456787109375,93.1905746459961,89.65869140625,88.59697723388672,90.23262786865234,91.718994140625,88.42440795898438,92.44670104980469,88.94357299804688,90.25906372070312,92.518310546875,91.52759552001953,35.0
288,91.1837387084961,88.71263122558594,92.8108139038086,89.59140014648438,85.792236328125,87.332763671875,91.02151489257812,85.09951782226562,89.78841400146484,88.71190643310547,86.26819610595703,90.95825958251953,92.0778579711914,15.0
289,94.26628875732422,89.99456787109375,93.1905746459961,90.08639526367188,88.61481475830078,90.23262786865234,92.01476287841797,88.48053741455078,92.44670104980469,89.4778823852539,91.19486236572266,92.518310546875,91.69046020507812,150.0
290,97.21709442138672,90.38324737548828,93.93644714355469,91.94915771484375,88.6994857788086,91.42733764648438,92.61604309082031,89.31643676757812,92.89022064208984,89.45791625976562,93.36205291748047,92.67574310302734,92.61136627197266,150.0
291,98.62381744384766,91.40230560302734,94.28001403808594,93.16363525390625,89.06556701660156,92.5720443725586,93.9899673461914,90.49229431152344,93.55230712890625,89.80278015136719,94.55310821533203,93.07921600341797,93.95337677001953,142.0
292,98.94603729248047,91.24494934082031,94.2398910522461,93.25193786621094,89.24224853515625,92.935546875,94.3425064086914,90.81166076660156,93.98809051513672,90.15531158447266,95.08232879638672,93.18841552734375,94.37027740478516,122.0
293,99.0263900756836,91.58914184570312,94.59710693359375,93.55722045898438,89.08122253417969,92.80419158935547,94.13568878173828,90.62069702148438,93.91654968261719,90.01887512207031,95.00576782226562,93.30269622802734,94.21514129638672,102.0
294,98.212158203125,91.30581665039062,95.11668395996094,93.04803466796875,88.99555969238281,92.46429443359375,93.83148193359375,90.26556396484375,93.8843002319336,89.91314697265625,94.37940979003906,93.17688751220703,93.8257064819336,82.0
295,96.83773803710938,91.24859619140625,94.83649444580078,92.27603912353516,89.39125061035156,92.20221710205078,93.89189147949219,90.09243774414062,94.43797302246094,90.35920715332031,93.25843048095703,93.50420379638672,93.53980255126953,62.0
296,92.10285186767578,89.24354553222656,92.77832794189453,89.44922637939453,87.3084945678711,88.52709197998047,91.95700073242188,86.64019775390625,92.45403289794922,89.24375915527344,87.85636901855469,91.32069396972656,91.78783416748047,42.0
297,89.57972717285156,88.95529174804688,93.66824340820312,90.16081237792969,85.78773498535156,86.60567474365234,92.6649398803711,84.480224609375,91.39356231689453,90.1661605834961,84.53473663330078,90.42237091064453,93.03334045410156,22.0
298,87.27666473388672,90.13846588134766,96.19140625,93.63558959960938,86.64936828613281,86.48648834228516,95.93611907958984,83.93281555175781,91.93511199951172,96.02560424804688,83.8365707397461,90.05073547363281,98.87423706054688,2.0
299,94.66976165771484,93.53092956542969,94.57920837402344,90.726318359375,88.7560043334961,90.20799255371094,93.7571029663086,88.51806640625,93.60790252685547,89.80768585205078,91.29962921142578,92.67574310302734,91.89599609375,136.0
300,97.1762466430664,90.2896728515625,92.95840454101562,91.27973175048828,88.72140502929688,90.2342758178711,91.86590576171875,88.43498992919922,93.09867858886719,89.33171844482422,93.38306427001953,92.65179443359375,91.88373565673828,116.0
301,97.0137939453125,89.96900939941406,93.12127685546875,91.41461181640625,88.72140502929688,90.46837615966797,91.79811096191406,88.43706512451172,93.09867858886719,89.33171844482422,93.30853271484375,92.65179443359375,91.88373565673828,96.0
302,95.19561767578125,89.96900939941406,92.95840454101562,90.30603790283203,88.72140502929688,90.0667724609375,91.79811096191406,88.43498992919922,93.09867858886719,89.33171844482422,91.73421478271484,92.65179443359375,91.88373565673828,76.0
303,93.26044464111328,89.96900939941406,92.95840454101562,90.01331329345703,88.72140502929688,90.0667724609375,91.79811096191406,88.43498992919922,93.09867858886719,89.33171844482422,90.4332504272461,92.65179443359375,91.88373565673828,56.0
304,92.81721496582031,89.71658325195312,92.54592895507812,89.31446075439453,88.08221435546875,89.64534759521484,91.11051177978516,87.81907653808594,92.73475646972656,88.52726745605469,89.774169921875,92.29283905029297,91.37538146972656,36.0
305,90.55911254882812,88.51551055908203,92.19833374023438,89.4708023071289,86.02571105957031,87.29638671875,90.64022827148438,85.28182983398438,90.66888427734375,88.69676971435547,86.63823699951172,90.90660858154297,91.92929077148438,16.0
