,0,1,2,3,4,5,6,7,8,9,10,11,12,13,14,15
0,98.1830825805664,92.9473648071289,92.937744140625,92.94710540771484,92.95286560058594,92.95732879638672,92.96078491210938,92.9635009765625,92.96566772460938,92.96747589111328,92.96904754638672,92.97046661376953,92.9718017578125,92.97305297851562,92.97425842285156,150.0
1,98.1830825805664,92.9473648071289,92.937744140625,92.94710540771484,92.95286560058594,92.95732879638672,92.96078491210938,92.9635009765625,92.96566772460938,92.96747589111328,92.96904754638672,92.97046661376953,92.9718017578125,92.97305297851562,92.97425842285156,150.0
2,98.1830825805664,92.9473648071289,92.937744140625,92.94710540771484,92.95286560058594,92.95732879638672,92.96078491210938,92.9635009765625,92.96566772460938,92.96747589111328,92.96904754638672,92.97046661376953,92.9718017578125,92.97305297851562,92.97425842285156,132.0
3,98.1830825805664,92.9473648071289,92.937744140625,92.94710540771484,92.95286560058594,92.95732879638672,92.96078491210938,92.9635009765625,92.96566772460938,92.96747589111328,92.96904754638672,92.97046661376953,92.9718017578125,92.97305297851562,92.97425842285156,112.0
4,98.1830825805664,92.9473648071289,92.937744140625,92.94710540771484,92.95286560058594,92.95732879638672,92.96078491210938,92.9635009765625,92.96566772460938,92.96747589111328,92.96904754638672,92.97046661376953,92.9718017578125,92.97305297851562,92.97425842285156,92.0
5,98.1830825805664,92.9473648071289,92.937744140625,92.94710540771484,92.95286560058594,92.95732879638672,92.96078491210938,92.9635009765625,92.96566772460938,92.96747589111328,92.96904754638672,92.97046661376953,92.9718017578125,92.97305297851562,92.97425842285156,72.0
6,98.1830825805664,92.9473648071289,92.937744140625,92.94710540771484,92.95286560058594,92.95732879638672,92.96078491210938,92.9635009765625,92.96566772460938,92.96747589111328,92.96904754638672,92.97046661376953,92.9718017578125,92.97305297851562,92.97425842285156,52.0
7,98.1830825805664,92.9473648071289,92.937744140625,92.94710540771484,92.95286560058594,92.95732879638672,92.96078491210938,92.9635009765625,92.96566772460938,92.96747589111328,92.96904754638672,92.97046661376953,92.9718017578125,92.97305297851562,92.97425842285156,32.0
8,98.1830825805664,92.9473648071289,92.937744140625,92.94710540771484,92.95286560058594,92.95732879638672,92.96078491210938,92.9635009765625,92.96566772460938,92.96747589111328,92.96904754638672,92.97046661376953,92.9718017578125,92.97305297851562,92.97425842285156,12.0
9,98.1830825805664,92.9473648071289,92.937744140625,92.94710540771484,92.95286560058594,92.95732879638672,92.96078491210938,92.9635009765625,92.96566772460938,92.96747589111328,92.96904754638672,92.97046661376953,92.9718017578125,92.97305297851562,92.97425842285156,150.0
10,96.99848937988281,91.85942077636719,91.86454010009766,91.8763656616211,91.8841552734375,91.89019012451172,91.89485931396484,91.89851379394531,91.90143585205078,91.90386962890625,91.90599822998047,91.90791320800781,91.90970611572266,91.91140747070312,91.91303253173828,139.0
11,96.99848937988281,91.85942077636719,91.86454010009766,91.8763656616211,91.8841552734375,91.89019012451172,91.89485931396484,91.89851379394531,91.90143585205078,91.90386962890625,91.90599822998047,91.90791320800781,91.90970611572266,91.91140747070312,91.91303253173828,119.0
12,96.99848937988281,91.85942077636719,91.86454010009766,91.8763656616211,91.8841552734375,91.89019012451172,91.89485931396484,91.89851379394531,91.90143585205078,91.90386962890625,91.90599822998047,91.90791320800781,91.90970611572266,91.91140747070312,91.91303253173828,99.0
13,96.99848937988281,91.85942077636719,91.86454010009766,91.8763656616211,91.8841552734375,91.89019012451172,91.89485931396484,91.89851379394531,91.90143585205078,91.90386962890625,91.90599822998047,91.90791320800781,91.90970611572266,91.91140747070312,91.91303253173828,79.0
14,96.99848937988281,91.85942077636719,91.86454010009766,91.8763656616211,91.8841552734375,91.89019012451172,91.89485931396484,91.89851379394531,91.90143585205078,91.90386962890625,91.90599822998047,91.90791320800781,91.90970611572266,91.91140747070312,91.91303253173828,59.0
15,96.99848937988281,91.85942077636719,91.86454010009766,91.8763656616211,91.8841552734375,91.89019012451172,91.89485931396484,91.89851379394531,91.90143585205078,91.90386962890625,91.90599822998047,91.90791320800781,91.90970611572266,91.91140747070312,91.91303253173828,39.0
16,96.99848937988281,91.85942077636719,91.86454010009766,91.8763656616211,91.8841552734375,91.89019012451172,91.89485931396484,91.89851379394531,91.90143585205078,91.90386962890625,91.90599822998047,91.90791320800781,91.90970611572266,91.91140747070312,91.91303253173828,19.0
17,96.99848937988281,91.85942077636719,91.86454010009766,91.8763656616211,91.8841552734375,91.89019012451172,91.89485931396484,91.89851379394531,91.90143585205078,91.90386962890625,91.90599822998047,91.90791320800781,91.90970611572266,91.91140747070312,91.91303253173828,150.0
18,96.99848937988281,91.85942077636719,91.86454010009766,91.8763656616211,91.8841552734375,91.89019012451172,91.89485931396484,91.89851379394531,91.90143585205078,91.90386962890625,91.90599822998047,91.90791320800781,91.90970611572266,91.91140747070312,91.91303253173828,149.0
19,96.99848937988281,91.85942077636719,91.86454010009766,91.8763656616211,91.8841552734375,91.89019012451172,91.89485931396484,91.89851379394531,91.90143585205078,91.90386962890625,91.90599822998047,91.90791320800781,91.90970611572266,91.91140747070312,91.91303253173828,129.0
20,95.95500946044922,90.9713134765625,90.98902893066406,91.00257873535156,91.0118408203125,91.01899719238281,91.02455139160156,91.02888488769531,91.03236389160156,91.03526306152344,91.03780364990234,91.04009246826172,91.04222869873047,91.04426574707031,91.04621124267578,109.0
21,95.95500946044922,90.9713134765625,90.98902893066406,91.00257873535156,91.0118408203125,91.01899719238281,91.02455139160156,91.02888488769531,91.03236389160156,91.03526306152344,91.03780364990234,91.04009246826172,91.04222869873047,91.04426574707031,91.04621124267578,89.0
22,95.95500946044922,90.9713134765625,90.98902893066406,91.00257873535156,91.0118408203125,91.01899719238281,91.02455139160156,91.02888488769531,91.03236389160156,91.03526306152344,91.03780364990234,91.04009246826172,91.04222869873047,91.04426574707031,91.04621124267578,69.0
23,95.95500946044922,90.9713134765625,90.98902893066406,91.00257873535156,91.0118408203125,91.01899719238281,91.02455139160156,91.02888488769531,91.03236389160156,91.03526306152344,91.03780364990234,91.04009246826172,91.04222869873047,91.04426574707031,91.04621124267578,49.0
24,95.95500946044922,90.9713134765625,90.98902893066406,91.00257873535156,91.0118408203125,91.01899719238281,91.02455139160156,91.02888488769531,91.03236389160156,91.03526306152344,91.03780364990234,91.04009246826172,91.04222869873047,91.04426574707031,91.04621124267578,29.0
25,95.95500946044922,90.9713134765625,90.98902893066406,91.00257873535156,91.0118408203125,91.01899719238281,91.02455139160156,91.02888488769531,91.03236389160156,91.03526306152344,91.03780364990234,91.04009246826172,91.04222869873047,91.04426574707031,91.04621124267578,9.0
26,95.95500946044922,90.9713134765625,90.98902893066406,91.00257873535156,91.0118408203125,91.01899719238281,91.02455139160156,91.02888488769531,91.03236389160156,91.03526306152344,91.03780364990234,91.04009246826172,91.04222869873047,91.04426574707031,91.04621124267578,150.0
27,95.95500946044922,90.9713134765625,90.98902893066406,91.00257873535156,91.0118408203125,91.01899719238281,91.02455139160156,91.02888488769531,91.03236389160156,91.03526306152344,91.03780364990234,91.04009246826172,91.04222869873047,91.04426574707031,91.04621124267578,148.0
28,95.95500946044922,90.9713134765625,90.98902893066406,91.00257873535156,91.0118408203125,91.01899719238281,91.02455139160156,91.02888488769531,91.03236389160156,91.03526306152344,91.03780364990234,91.04009246826172,91.04222869873047,91.04426574707031,91.04621124267578,128.0
29,95.95500946044922,90.9713134765625,90.98902893066406,91.00257873535156,91.0118408203125,91.01899719238281,91.02455139160156,91.02888488769531,91.03236389160156,91.03526306152344,91.03780364990234,91.04009246826172,91.04222869873047,91.04426574707031,91.04621124267578,108.0
30,94.91873931884766,90.14712524414062,90.17579650878906,90.19071960449219,90.201171875,90.20927429199219,90.21553802490234,90.22042846679688,90.22438049316406,90.22767639160156,90.2305679321289,90.233154296875,90.23560333251953,90.23792266845703,90.2401351928711,88.0
31,94.91873931884766,90.14712524414062,90.17579650878906,90.19071960449219,90.201171875,90.20927429199219,90.21553802490234,90.22042846679688,90.22438049316406,90.22767639160156,90.2305679321289,90.233154296875,90.23560333251953,90.23792266845703,90.2401351928711,68.0
32,94.91873931884766,90.14712524414062,90.17579650878906,90.19071960449219,90.201171875,90.20927429199219,90.21553802490234,90.22042846679688,90.22438049316406,90.22767639160156,90.2305679321289,90.233154296875,90.23560333251953,90.23792266845703,90.2401351928711,48.0
33,94.91873931884766,90.14712524414062,90.17579650878906,90.19071960449219,90.201171875,90.20927429199219,90.21553802490234,90.22042846679688,90.22438049316406,90.22767639160156,90.2305679321289,90.233154296875,90.23560333251953,90.23792266845703,90.2401351928711,28.0
34,94.91873931884766,90.14712524414062,90.17579650878906,90.19071960449219,90.201171875,90.20927429199219,90.21553802490234,90.22042846679688,90.22438049316406,90.22767639160156,90.2305679321289,90.233154296875,90.23560333251953,90.23792266845703,90.2401351928711,8.0
35,94.91873931884766,90.14712524414062,90.17579650878906,90.19071960449219,90.201171875,90.20927429199219,90.21553802490234,90.22042846679688,90.22438049316406,90.22767639160156,90.2305679321289,90.233154296875,90.23560333251953,90.23792266845703,90.2401351928711,150.0
36,94.91873931884766,90.14712524414062,90.17579650878906,90.19071960449219,90.201171875,90.20927429199219,90.21553802490234,90.22042846679688,90.22438049316406,90.22767639160156,90.2305679321289,90.233154296875,90.23560333251953,90.23792266845703,90.2401351928711,150.0
37,94.91873931884766,90.14712524414062,90.17579650878906,90.19071960449219,90.201171875,90.20927429199219,90.21553802490234,90.22042846679688,90.22438049316406,90.22767639160156,90.2305679321289,90.233154296875,90.23560333251953,90.23792266845703,90.2401351928711,150.0
38,94.91873931884766,90.14712524414062,90.17579650878906,90.19071960449219,90.201171875,90.20927429199219,90.21553802490234,90.22042846679688,90.22438049316406,90.22767639160156,90.2305679321289,90.233154296875,90.23560333251953,90.23792266845703,90.2401351928711,150.0
39,94.91873931884766,90.14712524414062,90.17579650878906,90.19071960449219,90.201171875,90.20927429199219,90.21553802490234,90.22042846679688,90.22438049316406,90.22767639160156,90.2305679321289,90.233154296875,90.23560333251953,90.23792266845703,90.2401351928711,150.0
40,94.04906463623047,89.52667236328125,89.56431579589844,89.57994842529297,89.59107971191406,89.59971618652344,89.60638427734375,89.61161041259766,89.6158218383789,89.61933898925781,89.6224365234375,89.62522888183594,89.6278305053711,89.63032531738281,89.63270568847656,139.0
41,94.04906463623047,89.52667236328125,89.56431579589844,89.57994842529297,89.59107971191406,89.59971618652344,89.60638427734375,89.61161041259766,89.6158218383789,89.61933898925781,89.6224365234375,89.62522888183594,89.6278305053711,89.63032531738281,89.63270568847656,119.0
42,94.04906463623047,89.52667236328125,89.56431579589844,89.57994842529297,89.59107971191406,89.59971618652344,89.60638427734375,89.61161041259766,89.6158218383789,89.61933898925781,89.6224365234375,89.62522888183594,89.6278305053711,89.63032531738281,89.63270568847656,99.0
43,94.04906463623047,89.52667236328125,89.56431579589844,89.57994842529297,89.59107971191406,89.59971618652344,89.60638427734375,89.61161041259766,89.6158218383789,89.61933898925781,89.6224365234375,89.62522888183594,89.6278305053711,89.63032531738281,89.63270568847656,79.0
44,94.04906463623047,89.52667236328125,89.56431579589844,89.57994842529297,89.59107971191406,89.59971618652344,89.60638427734375,89.61161041259766,89.6158218383789,89.61933898925781,89.6224365234375,89.62522888183594,89.6278305053711,89.63032531738281,89.63270568847656,59.0
45,94.04906463623047,89.52667236328125,89.56431579589844,89.57994842529297,89.59107971191406,89.59971618652344,89.60638427734375,89.61161041259766,89.6158218383789,89.61933898925781,89.6224365234375,89.62522888183594,89.6278305053711,89.63032531738281,89.63270568847656,130.0
46,94.04906463623047,89.52667236328125,89.56431579589844,89.57994842529297,89.59107971191406,89.59971618652344,89.60638427734375,89.61161041259766,89.6158218383789,89.61933898925781,89.6224365234375,89.62522888183594,89.6278305053711,89.63032531738281,89.63270568847656,110.0
47,94.04906463623047,89.52667236328125,89.56431579589844,89.57994842529297,89.59107971191406,89.59971618652344,89.60638427734375,89.61161041259766,89.6158218383789,89.61933898925781,89.6224365234375,89.62522888183594,89.6278305053711,89.63032531738281,89.63270568847656,90.0
48,94.04906463623047,89.52667236328125,89.56431579589844,89.57994842529297,89.59107971191406,89.59971618652344,89.60638427734375,89.61161041259766,89.6158218383789,89.61933898925781,89.6224365234375,89.62522888183594,89.6278305053711,89.63032531738281,89.63270568847656,70.0
49,94.04906463623047,89.52667236328125,89.56431579589844,89.57994842529297,89.59107971191406,89.59971618652344,89.60638427734375,89.61161041259766,89.6158218383789,89.61933898925781,89.6224365234375,89.62522888183594,89.6278305053711,89.63032531738281,89.63270568847656,50.0
50,93.27632904052734,89.03593444824219,89.08087158203125,89.09674835205078,89.10821533203125,89.11709594726562,89.12396240234375,89.12934112548828,89.13369750976562,89.1373291015625,89.14053344726562,89.14340209960938,89.14611053466797,89.148681640625,89.1511459350586,30.0
51,93.27632904052734,89.03593444824219,89.08087158203125,89.09674835205078,89.10821533203125,89.11709594726562,89.12396240234375,89.12934112548828,89.13369750976562,89.1373291015625,89.14053344726562,89.14340209960938,89.14611053466797,89.148681640625,89.1511459350586,10.0
52,93.27632904052734,89.03593444824219,89.08087158203125,89.09674835205078,89.10821533203125,89.11709594726562,89.12396240234375,89.12934112548828,89.13369750976562,89.1373291015625,89.14053344726562,89.14340209960938,89.14611053466797,89.148681640625,89.1511459350586,150.0
53,93.27632904052734,89.03593444824219,89.08087158203125,89.09674835205078,89.10821533203125,89.11709594726562,89.12396240234375,89.12934112548828,89.13369750976562,89.1373291015625,89.14053344726562,89.14340209960938,89.14611053466797,89.148681640625,89.1511459350586,150.0
54,93.27632904052734,89.03593444824219,89.08087158203125,89.09674835205078,89.10821533203125,89.11709594726562,89.12396240234375,89.12934112548828,89.13369750976562,89.1373291015625,89.14053344726562,89.14340209960938,89.14611053466797,89.148681640625,89.1511459350586,141.0
55,93.27632904052734,89.03593444824219,89.08087158203125,89.09674835205078,89.10821533203125,89.11709594726562,89.12396240234375,89.12934112548828,89.13369750976562,89.1373291015625,89.14053344726562,89.14340209960938,89.14611053466797,89.148681640625,89.1511459350586,121.0
56,93.27632904052734,89.03593444824219,89.08087158203125,89.09674835205078,89.10821533203125,89.11709594726562,89.12396240234375,89.12934112548828,89.13369750976562,89.1373291015625,89.14053344726562,89.14340209960938,89.14611053466797,89.148681640625,89.1511459350586,101.0
57,93.27632904052734,89.03593444824219,89.08087158203125,89.09674835205078,89.10821533203125,89.11709594726562,89.12396240234375,89.12934112548828,89.13369750976562,89.1373291015625,89.14053344726562,89.14340209960938,89.14611053466797,89.148681640625,89.1511459350586,81.0
58,93.27632904052734,89.03593444824219,89.08087158203125,89.09674835205078,89.10821533203125,89.11709594726562,89.12396240234375,89.12934112548828,89.13369750976562,89.1373291015625,89.14053344726562,89.14340209960938,89.14611053466797,89.148681640625,89.1511459350586,61.0
59,93.27632904052734,89.03593444824219,89.08087158203125,89.09674835205078,89.10821533203125,89.11709594726562,89.12396240234375,89.12934112548828,89.13369750976562,89.1373291015625,89.14053344726562,89.14340209960938,89.14611053466797,89.148681640625,89.1511459350586,41.0
60,92.51887512207031,88.58981323242188,88.64063262939453,88.65653991699219,88.66813659667969,88.6771240234375,88.68408966064453,88.68953704833984,88.69395446777344,88.69764709472656,88.70089721679688,88.70382690429688,88.70658111572266,88.70919799804688,88.71171569824219,21.0
61,92.51887512207031,88.58981323242188,88.64063262939453,88.65653991699219,88.66813659667969,88.6771240234375,88.68408966064453,88.68953704833984,88.69395446777344,88.69764709472656,88.70089721679688,88.70382690429688,88.70658111572266,88.70919799804688,88.71171569824219,1.0
62,92.51887512207031,88.58981323242188,88.64063262939453,88.65653991699219,88.66813659667969,88.6771240234375,88.68408966064453,88.68953704833984,88.69395446777344,88.69764709472656,88.70089721679688,88.70382690429688,88.70658111572266,88.70919799804688,88.71171569824219,150.0
63,92.51887512207031,88.58981323242188,88.64063262939453,88.65653991699219,88.66813659667969,88.6771240234375,88.68408966064453,88.68953704833984,88.69395446777344,88.69764709472656,88.70089721679688,88.70382690429688,88.70658111572266,88.70919799804688,88.71171569824219,150.0
64,92.51887512207031,88.58981323242188,88.64063262939453,88.65653991699219,88.66813659667969,88.6771240234375,88.68408966064453,88.68953704833984,88.69395446777344,88.69764709472656,88.70089721679688,88.70382690429688,88.70658111572266,88.70919799804688,88.71171569824219,150.0
65,92.51887512207031,88.58981323242188,88.64063262939453,88.65653991699219,88.66813659667969,88.6771240234375,88.68408966064453,88.68953704833984,88.69395446777344,88.69764709472656,88.70089721679688,88.70382690429688,88.70658111572266,88.70919799804688,88.71171569824219,142.0
66,92.51887512207031,88.58981323242188,88.64063262939453,88.65653991699219,88.66813659667969,88.6771240234375,88.68408966064453,88.68953704833984,88.69395446777344,88.69764709472656,88.70089721679688,88.70382690429688,88.70658111572266,88.70919799804688,88.71171569824219,122.0
67,92.51887512207031,88.58981323242188,88.64063262939453,88.65653991699219,88.66813659667969,88.6771240234375,88.68408966064453,88.68953704833984,88.69395446777344,88.69764709472656,88.70089721679688,88.70382690429688,88.70658111572266,88.70919799804688,88.71171569824219,102.0
68,92.51887512207031,88.58981323242188,88.64063262939453,88.65653991699219,88.66813659667969,88.6771240234375,88.68408966064453,88.68953704833984,88.69395446777344,88.69764709472656,88.70089721679688,88.70382690429688,88.70658111572266,88.70919799804688,88.71171569824219,82.0
69,92.51887512207031,88.58981323242188,88.64063262939453,88.65653991699219,88.66813659667969,88.6771240234375,88.68408966064453,88.68953704833984,88.69395446777344,88.69764709472656,88.70089721679688,88.70382690429688,88.70658111572266,88.70919799804688,88.71171569824219,62.0
70,91.91815185546875,88.31472778320312,88.36988830566406,88.38531494140625,88.39667510986328,88.40547943115234,88.41228485107422,88.41761779785156,88.42194366455078,88.4255599975586,88.42874145507812,88.4316177368164,88.43431854248047,88.43687438964844,88.43934631347656,42.0
71,91.91815185546875,88.31472778320312,88.36988830566406,88.38531494140625,88.39667510986328,88.40547943115234,88.41228485107422,88.41761779785156,88.42194366455078,88.4255599975586,88.42874145507812,88.4316177368164,88.43431854248047,88.43687438964844,88.43934631347656,22.0
72,91.91815185546875,88.31472778320312,88.36988830566406,88.38531494140625,88.39667510986328,88.40547943115234,88.41228485107422,88.41761779785156,88.42194366455078,88.4255599975586,88.42874145507812,88.4316177368164,88.43431854248047,88.43687438964844,88.43934631347656,150.0
73,91.91815185546875,88.31472778320312,88.36988830566406,88.38531494140625,88.39667510986328,88.40547943115234,88.41228485107422,88.41761779785156,88.42194366455078,88.4255599975586,88.42874145507812,88.4316177368164,88.43431854248047,88.43687438964844,88.43934631347656,150.0
74,91.91815185546875,88.31472778320312,88.36988830566406,88.38531494140625,88.39667510986328,88.40547943115234,88.41228485107422,88.41761779785156,88.42194366455078,88.4255599975586,88.42874145507812,88.4316177368164,88.43431854248047,88.43687438964844,88.43934631347656,150.0
75,91.91815185546875,88.31472778320312,88.36988830566406,88.38531494140625,88.39667510986328,88.40547943115234,88.41228485107422,88.41761779785156,88.42194366455078,88.4255599975586,88.42874145507812,88.4316177368164,88.43431854248047,88.43687438964844,88.43934631347656,150.0
76,91.91815185546875,88.31472778320312,88.36988830566406,88.38531494140625,88.39667510986328,88.40547943115234,88.41228485107422,88.41761779785156,88.42194366455078,88.4255599975586,88.42874145507812,88.4316177368164,88.43431854248047,88.43687438964844,88.43934631347656,140.0
77,91.91815185546875,88.31472778320312,88.36988830566406,88.38531494140625,88.39667510986328,88.40547943115234,88.41228485107422,88.41761779785156,88.42194366455078,88.4255599975586,88.42874145507812,88.4316177368164,88.43431854248047,88.43687438964844,88.43934631347656,120.0
78,91.91815185546875,88.31472778320312,88.36988830566406,88.38531494140625,88.39667510986328,88.40547943115234,88.41228485107422,88.41761779785156,88.42194366455078,88.4255599975586,88.42874145507812,88.4316177368164,88.43431854248047,88.43687438964844,88.43934631347656,100.0
79,91.91815185546875,88.31472778320312,88.36988830566406,88.38531494140625,88.39667510986328,88.40547943115234,88.41228485107422,88.41761779785156,88.42194366455078,88.4255599975586,88.42874145507812,88.4316177368164,88.43431854248047,88.43687438964844,88.43934631347656,80.0
80,91.63208770751953,88.3551025390625,88.41281127929688,88.42701721191406,88.43754577636719,88.44569396972656,88.45199584960938,88.4569091796875,88.46089172363281,88.46420288085938,88.46712493896484,88.46975708007812,88.47221374511719,88.47454833984375,88.476806640625,60.0
81,91.63208770751953,88.3551025390625,88.41281127929688,88.42701721191406,88.43754577636719,88.44569396972656,88.45199584960938,88.4569091796875,88.46089172363281,88.46420288085938,88.46712493896484,88.46975708007812,88.47221374511719,88.47454833984375,88.476806640625,40.0
82,91.63208770751953,88.3551025390625,88.41281127929688,88.42701721191406,88.43754577636719,88.44569396972656,88.45199584960938,88.4569091796875,88.46089172363281,88.46420288085938,88.46712493896484,88.46975708007812,88.47221374511719,88.47454833984375,88.476806640625,150.0
83,91.63208770751953,88.3551025390625,88.41281127929688,88.42701721191406,88.43754577636719,88.44569396972656,88.45199584960938,88.4569091796875,88.46089172363281,88.46420288085938,88.46712493896484,88.46975708007812,88.47221374511719,88.47454833984375,88.476806640625,130.0
84,91.63208770751953,88.3551025390625,88.41281127929688,88.42701721191406,88.43754577636719,88.44569396972656,88.45199584960938,88.4569091796875,88.46089172363281,88.46420288085938,88.46712493896484,88.46975708007812,88.47221374511719,88.47454833984375,88.476806640625,110.0
85,91.63208770751953,88.3551025390625,88.41281127929688,88.42701721191406,88.43754577636719,88.44569396972656,88.45199584960938,88.4569091796875,88.46089172363281,88.46420288085938,88.46712493896484,88.46975708007812,88.47221374511719,88.47454833984375,88.476806640625,90.0
86,91.63208770751953,88.3551025390625,88.41281127929688,88.42701721191406,88.43754577636719,88.44569396972656,88.45199584960938,88.4569091796875,88.46089172363281,88.46420288085938,88.46712493896484,88.46975708007812,88.47221374511719,88.47454833984375,88.476806640625,70.0
87,91.63208770751953,88.3551025390625,88.41281127929688,88.42701721191406,88.43754577636719,88.44569396972656,88.45199584960938,88.4569091796875,88.46089172363281,88.46420288085938,88.46712493896484,88.46975708007812,88.47221374511719,88.47454833984375,88.476806640625,50.0
88,91.63208770751953,88.3551025390625,88.41281127929688,88.42701721191406,88.43754577636719,88.44569396972656,88.45199584960938,88.4569091796875,88.46089172363281,88.46420288085938,88.46712493896484,88.46975708007812,88.47221374511719,88.47454833984375,88.476806640625,30.0
89,91.63208770751953,88.3551025390625,88.41281127929688,88.42701721191406,88.43754577636719,88.44569396972656,88.45199584960938,88.4569091796875,88.46089172363281,88.46420288085938,88.46712493896484,88.46975708007812,88.47221374511719,88.47454833984375,88.476806640625,10.0
90,91.1348876953125,88.20445251464844,88.26408386230469,88.27741241455078,88.287353515625,88.29503631591797,88.30097961425781,88.30562591552734,88.30937957763672,88.31250762939453,88.31524658203125,88.31771850585938,88.3200454711914,88.32225036621094,88.32437896728516,143.0
91,91.1348876953125,88.20445251464844,88.26408386230469,88.27741241455078,88.287353515625,88.29503631591797,88.30097961425781,88.30562591552734,88.30937957763672,88.31250762939453,88.31524658203125,88.31771850585938,88.3200454711914,88.32225036621094,88.32437896728516,123.0
92,91.1348876953125,88.20445251464844,88.26408386230469,88.27741241455078,88.287353515625,88.29503631591797,88.30097961425781,88.30562591552734,88.30937957763672,88.31250762939453,88.31524658203125,88.31771850585938,88.3200454711914,88.32225036621094,88.32437896728516,103.0
93,91.1348876953125,88.20445251464844,88.26408386230469,88.27741241455078,88.287353515625,88.29503631591797,88.30097961425781,88.30562591552734,88.30937957763672,88.31250762939453,88.31524658203125,88.31771850585938,88.3200454711914,88.32225036621094,88.32437896728516,83.0
94,91.1348876953125,88.20445251464844,88.26408386230469,88.27741241455078,88.287353515625,88.29503631591797,88.30097961425781,88.30562591552734,88.30937957763672,88.31250762939453,88.31524658203125,88.31771850585938,88.3200454711914,88.32225036621094,88.32437896728516,63.0
95,91.1348876953125,88.20445251464844,88.26408386230469,88.27741241455078,88.287353515625,88.29503631591797,88.30097961425781,88.30562591552734,88.30937957763672,88.31250762939453,88.31524658203125,88.31771850585938,88.3200454711914,88.32225036621094,88.32437896728516,43.0
96,91.1348876953125,88.20445251464844,88.26408386230469,88.27741241455078,88.287353515625,88.29503631591797,88.30097961425781,88.30562591552734,88.30937957763672,88.31250762939453,88.31524658203125,88.31771850585938,88.3200454711914,88.32225036621094,88.32437896728516,23.0
97,91.1348876953125,88.20445251464844,88.26408386230469,88.27741241455078,88.287353515625,88.29503631591797,88.30097961425781,88.30562591552734,88.30937957763672,88.31250762939453,88.31524658203125,88.31771850585938,88.3200454711914,88.32225036621094,88.32437896728516,3.0
98,91.1348876953125,88.20445251464844,88.26408386230469,88.27741241455078,88.287353515625,88.29503631591797,88.30097961425781,88.30562591552734,88.30937957763672,88.31250762939453,88.31524658203125,88.31771850585938,88.3200454711914,88.32225036621094,88.32437896728516,150.0
99,91.1348876953125,88.20445251464844,88.26408386230469,88.27741241455078,88.287353515625,88.29503631591797,88.30097961425781,88.30562591552734,88.30937957763672,88.31250762939453,88.31524658203125,88.31771850585938,88.3200454711914,88.32225036621094,88.32437896728516,140.0
100,90.63803100585938,88.0584945678711,88.11909484863281,88.1314697265625,88.14077758789062,88.14796447753906,88.15352630615234,88.15786743164062,88.16136932373047,88.16429138183594,88.16685485839844,88.16917419433594,88.17134094238281,88.17340087890625,88.17539978027344,120.0
101,90.63803100585938,88.0584945678711,88.11909484863281,88.1314697265625,88.14077758789062,88.14796447753906,88.15352630615234,88.15786743164062,88.16136932373047,88.16429138183594,88.16685485839844,88.16917419433594,88.17134094238281,88.17340087890625,88.17539978027344,100.0
102,90.63803100585938,88.0584945678711,88.11909484863281,88.1314697265625,88.14077758789062,88.14796447753906,88.15352630615234,88.15786743164062,88.16136932373047,88.16429138183594,88.16685485839844,88.16917419433594,88.17134094238281,88.17340087890625,88.17539978027344,80.0
103,90.63803100585938,88.0584945678711,88.11909484863281,88.1314697265625,88.14077758789062,88.14796447753906,88.15352630615234,88.15786743164062,88.16136932373047,88.16429138183594,88.16685485839844,88.16917419433594,88.17134094238281,88.17340087890625,88.17539978027344,60.0
104,90.63803100585938,88.0584945678711,88.11909484863281,88.1314697265625,88.14077758789062,88.14796447753906,88.15352630615234,88.15786743164062,88.16136932373047,88.16429138183594,88.16685485839844,88.16917419433594,88.17134094238281,88.17340087890625,88.17539978027344,40.0
105,90.63803100585938,88.0584945678711,88.11909484863281,88.1314697265625,88.14077758789062,88.14796447753906,88.15352630615234,88.15786743164062,88.16136932373047,88.16429138183594,88.16685485839844,88.16917419433594,88.17134094238281,88.17340087890625,88.17539978027344,20.0
106,90.63803100585938,88.0584945678711,88.11909484863281,88.1314697265625,88.14077758789062,88.14796447753906,88.15352630615234,88.15786743164062,88.16136932373047,88.16429138183594,88.16685485839844,88.16917419433594,88.17134094238281,88.17340087890625,88.17539978027344,0.0
107,90.63803100585938,88.0584945678711,88.11909484863281,88.1314697265625,88.14077758789062,88.14796447753906,88.15352630615234,88.15786743164062,88.16136932373047,88.16429138183594,88.16685485839844,88.16917419433594,88.17134094238281,88.17340087890625,88.17539978027344,150.0
108,90.63803100585938,88.0584945678711,88.11909484863281,88.1314697265625,88.14077758789062,88.14796447753906,88.15352630615234,88.15786743164062,88.16136932373047,88.16429138183594,88.16685485839844,88.16917419433594,88.17134094238281,88.17340087890625,88.17539978027344,150.0
109,90.63803100585938,88.0584945678711,88.11909484863281,88.1314697265625,88.14077758789062,88.14796447753906,88.15352630615234,88.15786743164062,88.16136932373047,88.16429138183594,88.16685485839844,88.16917419433594,88.17134094238281,88.17340087890625,88.17539978027344,147.0
110,90.13906860351562,87.90957641601562,87.97030639648438,87.981689453125,87.99031829833984,87.99699401855469,88.00215911865234,88.00617980957031,88.00944519042969,88.01214599609375,88.0145263671875,88.01667785644531,88.0186996459961,88.02061462402344,88.0224609375,127.0
111,90.13906860351562,87.90957641601562,87.97030639648438,87.981689453125,87.99031829833984,87.99699401855469,88.00215911865234,88.00617980957031,88.00944519042969,88.01214599609375,88.0145263671875,88.01667785644531,88.0186996459961,88.02061462402344,88.0224609375,107.0
112,90.13906860351562,87.90957641601562,87.97030639648438,87.981689453125,87.99031829833984,87.99699401855469,88.00215911865234,88.00617980957031,88.00944519042969,88.01214599609375,88.0145263671875,88.01667785644531,88.0186996459961,88.02061462402344,88.0224609375,87.0
113,90.13906860351562,87.90957641601562,87.97030639648438,87.981689453125,87.99031829833984,87.99699401855469,88.00215911865234,88.00617980957031,88.00944519042969,88.01214599609375,88.0145263671875,88.01667785644531,88.0186996459961,88.02061462402344,88.0224609375,67.0
114,90.13906860351562,87.90957641601562,87.97030639648438,87.981689453125,87.99031829833984,87.99699401855469,88.00215911865234,88.00617980957031,88.00944519042969,88.01214599609375,88.0145263671875,88.01667785644531,88.0186996459961,88.02061462402344,88.0224609375,47.0
115,90.13906860351562,87.90957641601562,87.97030639648438,87.981689453125,87.99031829833984,87.99699401855469,88.00215911865234,88.00617980957031,88.00944519042969,88.01214599609375,88.0145263671875,88.01667785644531,88.0186996459961,88.02061462402344,88.0224609375,27.0
116,90.13906860351562,87.90957641601562,87.97030639648438,87.981689453125,87.99031829833984,87.99699401855469,88.00215911865234,88.00617980957031,88.00944519042969,88.01214599609375,88.0145263671875,88.01667785644531,88.0186996459961,88.02061462402344,88.0224609375,7.0
117,90.13906860351562,87.90957641601562,87.97030639648438,87.981689453125,87.99031829833984,87.99699401855469,88.00215911865234,88.00617980957031,88.00944519042969,88.01214599609375,88.0145263671875,88.01667785644531,88.0186996459961,88.02061462402344,88.0224609375,150.0
118,90.13906860351562,87.90957641601562,87.97030639648438,87.981689453125,87.99031829833984,87.99699401855469,88.00215911865234,88.00617980957031,88.00944519042969,88.01214599609375,88.0145263671875,88.01667785644531,88.0186996459961,88.02061462402344,88.0224609375,150.0
119,90.13906860351562,87.90957641601562,87.97030639648438,87.981689453125,87.99031829833984,87.99699401855469,88.00215911865234,88.00617980957031,88.00944519042969,88.01214599609375,88.0145263671875,88.01667785644531,88.0186996459961,88.02061462402344,88.0224609375,149.0
120,89.71338653564453,87.8260498046875,87.88599395751953,87.896240234375,87.90408325195312,87.91014862060547,87.91483306884766,87.9184799194336,87.92143249511719,87.92388916015625,87.92604064941406,87.92799377441406,87.92982482910156,87.93155670166016,87.9332275390625,129.0
121,89.71338653564453,87.8260498046875,87.88599395751953,87.896240234375,87.90408325195312,87.91014862060547,87.91483306884766,87.9184799194336,87.92143249511719,87.92388916015625,87.92604064941406,87.92799377441406,87.92982482910156,87.93155670166016,87.9332275390625,109.0
122,89.71338653564453,87.8260498046875,87.88599395751953,87.896240234375,87.90408325195312,87.91014862060547,87.91483306884766,87.9184799194336,87.92143249511719,87.92388916015625,87.92604064941406,87.92799377441406,87.92982482910156,87.93155670166016,87.9332275390625,89.0
123,89.71338653564453,87.8260498046875,87.88599395751953,87.896240234375,87.90408325195312,87.91014862060547,87.91483306884766,87.9184799194336,87.92143249511719,87.92388916015625,87.92604064941406,87.92799377441406,87.92982482910156,87.93155670166016,87.9332275390625,69.0
124,89.71338653564453,87.8260498046875,87.88599395751953,87.896240234375,87.90408325195312,87.91014862060547,87.91483306884766,87.9184799194336,87.92143249511719,87.92388916015625,87.92604064941406,87.92799377441406,87.92982482910156,87.93155670166016,87.9332275390625,49.0
125,89.71338653564453,87.8260498046875,87.88599395751953,87.896240234375,87.90408325195312,87.91014862060547,87.91483306884766,87.9184799194336,87.92143249511719,87.92388916015625,87.92604064941406,87.92799377441406,87.92982482910156,87.93155670166016,87.9332275390625,29.0
126,89.71338653564453,87.8260498046875,87.88599395751953,87.896240234375,87.90408325195312,87.91014862060547,87.91483306884766,87.9184799194336,87.92143249511719,87.92388916015625,87.92604064941406,87.92799377441406,87.92982482910156,87.93155670166016,87.9332275390625,9.0
127,89.71338653564453,87.8260498046875,87.88599395751953,87.896240234375,87.90408325195312,87.91014862060547,87.91483306884766,87.9184799194336,87.92143249511719,87.92388916015625,87.92604064941406,87.92799377441406,87.92982482910156,87.93155670166016,87.9332275390625,150.0
128,89.71338653564453,87.8260498046875,87.88599395751953,87.896240234375,87.90408325195312,87.91014862060547,87.91483306884766,87.9184799194336,87.92143249511719,87.92388916015625,87.92604064941406,87.92799377441406,87.92982482910156,87.93155670166016,87.9332275390625,150.0
129,89.71338653564453,87.8260498046875,87.88599395751953,87.896240234375,87.90408325195312,87.91014862060547,87.91483306884766,87.9184799194336,87.92143249511719,87.92388916015625,87.92604064941406,87.92799377441406,87.92982482910156,87.93155670166016,87.9332275390625,135.0
130,89.35889434814453,87.8023681640625,87.86073303222656,87.86972045898438,87.87667846679688,87.88204193115234,87.88619232177734,87.88941192626953,87.89201354980469,87.89418029785156,87.89607238769531,87.89778137207031,87.8993911743164,87.90090942382812,87.90238952636719,115.0
131,89.35889434814453,87.8023681640625,87.86073303222656,87.86972045898438,87.87667846679688,87.88204193115234,87.88619232177734,87.88941192626953,87.89201354980469,87.89418029785156,87.89607238769531,87.89778137207031,87.8993911743164,87.90090942382812,87.90238952636719,95.0
132,89.35889434814453,87.8023681640625,87.86073303222656,87.86972045898438,87.87667846679688,87.88204193115234,87.88619232177734,87.88941192626953,87.89201354980469,87.89418029785156,87.89607238769531,87.89778137207031,87.8993911743164,87.90090942382812,87.90238952636719,75.0
133,89.35889434814453,87.8023681640625,87.86073303222656,87.86972045898438,87.87667846679688,87.88204193115234,87.88619232177734,87.88941192626953,87.89201354980469,87.89418029785156,87.89607238769531,87.89778137207031,87.8993911743164,87.90090942382812,87.90238952636719,55.0
134,89.35889434814453,87.8023681640625,87.86073303222656,87.86972045898438,87.87667846679688,87.88204193115234,87.88619232177734,87.88941192626953,87.89201354980469,87.89418029785156,87.89607238769531,87.89778137207031,87.8993911743164,87.90090942382812,87.90238952636719,35.0
135,89.35889434814453,87.8023681640625,87.86073303222656,87.86972045898438,87.87667846679688,87.88204193115234,87.88619232177734,87.88941192626953,87.89201354980469,87.89418029785156,87.89607238769531,87.89778137207031,87.8993911743164,87.90090942382812,87.90238952636719,15.0
136,89.35889434814453,87.8023681640625,87.86073303222656,87.86972045898438,87.87667846679688,87.88204193115234,87.88619232177734,87.88941192626953,87.89201354980469,87.89418029785156,87.89607238769531,87.89778137207031,87.8993911743164,87.90090942382812,87.90238952636719,138.0
137,89.35889434814453,87.8023681640625,87.86073303222656,87.86972045898438,87.87667846679688,87.88204193115234,87.88619232177734,87.88941192626953,87.89201354980469,87.89418029785156,87.89607238769531,87.89778137207031,87.8993911743164,87.90090942382812,87.90238952636719,118.0
138,89.35889434814453,87.8023681640625,87.86073303222656,87.86972045898438,87.87667846679688,87.88204193115234,87.88619232177734,87.88941192626953,87.89201354980469,87.89418029785156,87.89607238769531,87.89778137207031,87.8993911743164,87.90090942382812,87.90238952636719,98.0
139,89.35889434814453,87.8023681640625,87.86073303222656,87.86972045898438,87.87667846679688,87.88204193115234,87.88619232177734,87.88941192626953,87.89201354980469,87.89418029785156,87.89607238769531,87.89778137207031,87.8993911743164,87.90090942382812,87.90238952636719,78.0
140,88.9455795288086,87.70846557617188,87.76480102539062,87.77268981933594,87.77886199951172,87.78362274169922,87.78731536865234,87.79016876220703,87.79248046875,87.79438781738281,87.79608154296875,87.797607421875,87.79901885986328,87.80038452148438,87.80168151855469,58.0
141,88.9455795288086,87.70846557617188,87.76480102539062,87.77268981933594,87.77886199951172,87.78362274169922,87.78731536865234,87.79016876220703,87.79248046875,87.79438781738281,87.79608154296875,87.797607421875,87.79901885986328,87.80038452148438,87.80168151855469,38.0
142,88.9455795288086,87.70846557617188,87.76480102539062,87.77268981933594,87.77886199951172,87.78362274169922,87.78731536865234,87.79016876220703,87.79248046875,87.79438781738281,87.79608154296875,87.797607421875,87.79901885986328,87.80038452148438,87.80168151855469,18.0
143,88.9455795288086,87.70846557617188,87.76480102539062,87.77268981933594,87.77886199951172,87.78362274169922,87.78731536865234,87.79016876220703,87.79248046875,87.79438781738281,87.79608154296875,87.797607421875,87.79901885986328,87.80038452148438,87.80168151855469,150.0
144,88.9455795288086,87.70846557617188,87.76480102539062,87.77268981933594,87.77886199951172,87.78362274169922,87.78731536865234,87.79016876220703,87.79248046875,87.79438781738281,87.79608154296875,87.797607421875,87.79901885986328,87.80038452148438,87.80168151855469,150.0
145,88.9455795288086,87.70846557617188,87.76480102539062,87.77268981933594,87.77886199951172,87.78362274169922,87.78731536865234,87.79016876220703,87.79248046875,87.79438781738281,87.79608154296875,87.797607421875,87.79901885986328,87.80038452148438,87.80168151855469,135.0
146,88.9455795288086,87.70846557617188,87.76480102539062,87.77268981933594,87.77886199951172,87.78362274169922,87.78731536865234,87.79016876220703,87.79248046875,87.79438781738281,87.79608154296875,87.797607421875,87.79901885986328,87.80038452148438,87.80168151855469,115.0
147,88.9455795288086,87.70846557617188,87.76480102539062,87.77268981933594,87.77886199951172,87.78362274169922,87.78731536865234,87.79016876220703,87.79248046875,87.79438781738281,87.79608154296875,87.797607421875,87.79901885986328,87.80038452148438,87.80168151855469,95.0
148,88.9455795288086,87.70846557617188,87.76480102539062,87.77268981933594,87.77886199951172,87.78362274169922,87.78731536865234,87.79016876220703,87.79248046875,87.79438781738281,87.79608154296875,87.797607421875,87.79901885986328,87.80038452148438,87.80168151855469,75.0
149,88.9455795288086,87.70846557617188,87.76480102539062,87.77268981933594,87.77886199951172,87.78362274169922,87.78731536865234,87.79016876220703,87.79248046875,87.79438781738281,87.79608154296875,87.797607421875,87.79901885986328,87.80038452148438,87.80168151855469,55.0
150,88.57380676269531,87.639404296875,87.6931381225586,87.69991302490234,87.70527648925781,87.70941162109375,87.71263122558594,87.71510314941406,87.71711730957031,87.7187728881836,87.72023010253906,87.7215576171875,87.72278594970703,87.72396087646484,87.72509765625,35.0
151,88.57380676269531,87.639404296875,87.6931381225586,87.69991302490234,87.70527648925781,87.70941162109375,87.71263122558594,87.71510314941406,87.71711730957031,87.7187728881836,87.72023010253906,87.7215576171875,87.72278594970703,87.72396087646484,87.72509765625,15.0
152,88.57380676269531,87.639404296875,87.6931381225586,87.69991302490234,87.70527648925781,87.70941162109375,87.71263122558594,87.71510314941406,87.71711730957031,87.7187728881836,87.72023010253906,87.7215576171875,87.72278594970703,87.72396087646484,87.72509765625,150.0
153,88.57380676269531,87.639404296875,87.6931381225586,87.69991302490234,87.70527648925781,87.70941162109375,87.71263122558594,87.71510314941406,87.71711730957031,87.7187728881836,87.72023010253906,87.7215576171875,87.72278594970703,87.72396087646484,87.72509765625,150.0
154,88.57380676269531,87.639404296875,87.6931381225586,87.69991302490234,87.70527648925781,87.70941162109375,87.71263122558594,87.71510314941406,87.71711730957031,87.7187728881836,87.72023010253906,87.7215576171875,87.72278594970703,87.72396087646484,87.72509765625,142.0
155,88.57380676269531,87.639404296875,87.6931381225586,87.69991302490234,87.70527648925781,87.70941162109375,87.71263122558594,87.71510314941406,87.71711730957031,87.7187728881836,87.72023010253906,87.7215576171875,87.72278594970703,87.72396087646484,87.72509765625,122.0
156,88.57380676269531,87.639404296875,87.6931381225586,87.69991302490234,87.70527648925781,87.70941162109375,87.71263122558594,87.71510314941406,87.71711730957031,87.7187728881836,87.72023010253906,87.7215576171875,87.72278594970703,87.72396087646484,87.72509765625,102.0
157,88.57380676269531,87.639404296875,87.6931381225586,87.69991302490234,87.70527648925781,87.70941162109375,87.71263122558594,87.71510314941406,87.71711730957031,87.7187728881836,87.72023010253906,87.7215576171875,87.72278594970703,87.72396087646484,87.72509765625,82.0
158,88.57380676269531,87.639404296875,87.6931381225586,87.69991302490234,87.70527648925781,87.70941162109375,87.71263122558594,87.71510314941406,87.71711730957031,87.7187728881836,87.72023010253906,87.7215576171875,87.72278594970703,87.72396087646484,87.72509765625,62.0
159,88.57380676269531,87.639404296875,87.6931381225586,87.69991302490234,87.70527648925781,87.70941162109375,87.71263122558594,87.71510314941406,87.71711730957031,87.7187728881836,87.72023010253906,87.7215576171875,87.72278594970703,87.72396087646484,87.72509765625,42.0
160,88.26118469238281,87.61036682128906,87.66102600097656,87.6666259765625,87.67115783691406,87.67463684082031,87.67733764648438,87.6794204711914,87.68110656738281,87.6824951171875,87.68370819091797,87.68482971191406,87.68585205078125,87.68684387207031,87.68779754638672,22.0
161,88.26118469238281,87.61036682128906,87.66102600097656,87.6666259765625,87.67115783691406,87.67463684082031,87.67733764648438,87.6794204711914,87.68110656738281,87.6824951171875,87.68370819091797,87.68482971191406,87.68585205078125,87.68684387207031,87.68779754638672,2.0
162,88.26118469238281,87.61036682128906,87.66102600097656,87.6666259765625,87.67115783691406,87.67463684082031,87.67733764648438,87.6794204711914,87.68110656738281,87.6824951171875,87.68370819091797,87.68482971191406,87.68585205078125,87.68684387207031,87.68779754638672,148.0
163,88.26118469238281,87.61036682128906,87.66102600097656,87.6666259765625,87.67115783691406,87.67463684082031,87.67733764648438,87.6794204711914,87.68110656738281,87.6824951171875,87.68370819091797,87.68482971191406,87.68585205078125,87.68684387207031,87.68779754638672,128.0
164,88.26118469238281,87.61036682128906,87.66102600097656,87.6666259765625,87.67115783691406,87.67463684082031,87.67733764648438,87.6794204711914,87.68110656738281,87.6824951171875,87.68370819091797,87.68482971191406,87.68585205078125,87.68684387207031,87.68779754638672,108.0
165,88.26118469238281,87.61036682128906,87.66102600097656,87.6666259765625,87.67115783691406,87.67463684082031,87.67733764648438,87.6794204711914,87.68110656738281,87.6824951171875,87.68370819091797,87.68482971191406,87.68585205078125,87.68684387207031,87.68779754638672,88.0
166,88.26118469238281,87.61036682128906,87.66102600097656,87.6666259765625,87.67115783691406,87.67463684082031,87.67733764648438,87.6794204711914,87.68110656738281,87.6824951171875,87.68370819091797,87.68482971191406,87.68585205078125,87.68684387207031,87.68779754638672,68.0
167,88.26118469238281,87.61036682128906,87.66102600097656,87.6666259765625,87.67115783691406,87.67463684082031,87.67733764648438,87.6794204711914,87.68110656738281,87.6824951171875,87.68370819091797,87.68482971191406,87.68585205078125,87.68684387207031,87.68779754638672,48.0
168,88.26118469238281,87.61036682128906,87.66102600097656,87.6666259765625,87.67115783691406,87.67463684082031,87.67733764648438,87.6794204711914,87.68110656738281,87.6824951171875,87.68370819091797,87.68482971191406,87.68585205078125,87.68684387207031,87.68779754638672,28.0
169,88.26118469238281,87.61036682128906,87.66102600097656,87.6666259765625,87.67115783691406,87.67463684082031,87.67733764648438,87.6794204711914,87.68110656738281,87.6824951171875,87.68370819091797,87.68482971191406,87.68585205078125,87.68684387207031,87.68779754638672,8.0
170,87.6742172241211,87.28958129882812,87.33737182617188,87.34244537353516,87.34661865234375,87.34983825683594,87.35234832763672,87.35430145263672,87.35588836669922,87.35721588134766,87.3583755493164,87.35944366455078,87.36044311523438,87.36140441894531,87.3623275756836,127.0
171,87.6742172241211,87.28958129882812,87.33737182617188,87.34244537353516,87.34661865234375,87.34983825683594,87.35234832763672,87.35430145263672,87.35588836669922,87.35721588134766,87.3583755493164,87.35944366455078,87.36044311523438,87.36140441894531,87.3623275756836,107.0
172,87.6742172241211,87.28958129882812,87.33737182617188,87.34244537353516,87.34661865234375,87.34983825683594,87.35234832763672,87.35430145263672,87.35588836669922,87.35721588134766,87.3583755493164,87.35944366455078,87.36044311523438,87.36140441894531,87.3623275756836,87.0
173,87.6742172241211,87.28958129882812,87.33737182617188,87.34244537353516,87.34661865234375,87.34983825683594,87.35234832763672,87.35430145263672,87.35588836669922,87.35721588134766,87.3583755493164,87.35944366455078,87.36044311523438,87.36140441894531,87.3623275756836,67.0
174,87.6742172241211,87.28958129882812,87.33737182617188,87.34244537353516,87.34661865234375,87.34983825683594,87.35234832763672,87.35430145263672,87.35588836669922,87.35721588134766,87.3583755493164,87.35944366455078,87.36044311523438,87.36140441894531,87.3623275756836,47.0
175,87.6742172241211,87.28958129882812,87.33737182617188,87.34244537353516,87.34661865234375,87.34983825683594,87.35234832763672,87.35430145263672,87.35588836669922,87.35721588134766,87.3583755493164,87.35944366455078,87.36044311523438,87.36140441894531,87.3623275756836,27.0
176,87.6742172241211,87.28958129882812,87.33737182617188,87.34244537353516,87.34661865234375,87.34983825683594,87.35234832763672,87.35430145263672,87.35588836669922,87.35721588134766,87.3583755493164,87.35944366455078,87.36044311523438,87.36140441894531,87.3623275756836,7.0
177,87.6742172241211,87.28958129882812,87.33737182617188,87.34244537353516,87.34661865234375,87.34983825683594,87.35234832763672,87.35430145263672,87.35588836669922,87.35721588134766,87.3583755493164,87.35944366455078,87.36044311523438,87.36140441894531,87.3623275756836,150.0
178,87.6742172241211,87.28958129882812,87.33737182617188,87.34244537353516,87.34661865234375,87.34983825683594,87.35234832763672,87.35430145263672,87.35588836669922,87.35721588134766,87.3583755493164,87.35944366455078,87.36044311523438,87.36140441894531,87.3623275756836,150.0
179,87.6742172241211,87.28958129882812,87.33737182617188,87.34244537353516,87.34661865234375,87.34983825683594,87.35234832763672,87.35430145263672,87.35588836669922,87.35721588134766,87.3583755493164,87.35944366455078,87.36044311523438,87.36140441894531,87.3623275756836,150.0
180,87.20243835449219,87.06065368652344,87.10514068603516,87.10954284667969,87.11325073242188,87.11611938476562,87.11836242675781,87.1201171875,87.1215591430664,87.12277221679688,87.12384033203125,87.12482452392578,87.12574768066406,87.12663269042969,87.12749481201172,150.0
181,87.20243835449219,87.06065368652344,87.10514068603516,87.10954284667969,87.11325073242188,87.11611938476562,87.11836242675781,87.1201171875,87.1215591430664,87.12277221679688,87.12384033203125,87.12482452392578,87.12574768066406,87.12663269042969,87.12749481201172,130.0
182,87.20243835449219,87.06065368652344,87.10514068603516,87.10954284667969,87.11325073242188,87.11611938476562,87.11836242675781,87.1201171875,87.1215591430664,87.12277221679688,87.12384033203125,87.12482452392578,87.12574768066406,87.12663269042969,87.12749481201172,110.0
183,87.20243835449219,87.06065368652344,87.10514068603516,87.10954284667969,87.11325073242188,87.11611938476562,87.11836242675781,87.1201171875,87.1215591430664,87.12277221679688,87.12384033203125,87.12482452392578,87.12574768066406,87.12663269042969,87.12749481201172,90.0
184,87.20243835449219,87.06065368652344,87.10514068603516,87.10954284667969,87.11325073242188,87.11611938476562,87.11836242675781,87.1201171875,87.1215591430664,87.12277221679688,87.12384033203125,87.12482452392578,87.12574768066406,87.12663269042969,87.12749481201172,70.0
185,87.20243835449219,87.06065368652344,87.10514068603516,87.10954284667969,87.11325073242188,87.11611938476562,87.11836242675781,87.1201171875,87.1215591430664,87.12277221679688,87.12384033203125,87.12482452392578,87.12574768066406,87.12663269042969,87.12749481201172,50.0
186,87.20243835449219,87.06065368652344,87.10514068603516,87.10954284667969,87.11325073242188,87.11611938476562,87.11836242675781,87.1201171875,87.1215591430664,87.12277221679688,87.12384033203125,87.12482452392578,87.12574768066406,87.12663269042969,87.12749481201172,30.0
187,87.20243835449219,87.06065368652344,87.10514068603516,87.10954284667969,87.11325073242188,87.11611938476562,87.11836242675781,87.1201171875,87.1215591430664,87.12277221679688,87.12384033203125,87.12482452392578,87.12574768066406,87.12663269042969,87.12749481201172,150.0
188,87.20243835449219,87.06065368652344,87.10514068603516,87.10954284667969,87.11325073242188,87.11611938476562,87.11836242675781,87.1201171875,87.1215591430664,87.12277221679688,87.12384033203125,87.12482452392578,87.12574768066406,87.12663269042969,87.12749481201172,150.0
189,87.20243835449219,87.06065368652344,87.10514068603516,87.10954284667969,87.11325073242188,87.11611938476562,87.11836242675781,87.1201171875,87.1215591430664,87.12277221679688,87.12384033203125,87.12482452392578,87.12574768066406,87.12663269042969,87.12749481201172,139.0
190,87.03289794921875,87.10954284667969,87.1500015258789,87.15325927734375,87.15609741210938,87.1583023071289,87.16001892089844,87.161376953125,87.16246795654297,87.16339111328125,87.16421508789062,87.16496276855469,87.16566467285156,87.16634368896484,87.16700744628906,119.0
191,87.03289794921875,87.10954284667969,87.1500015258789,87.15325927734375,87.15609741210938,87.1583023071289,87.16001892089844,87.161376953125,87.16246795654297,87.16339111328125,87.16421508789062,87.16496276855469,87.16566467285156,87.16634368896484,87.16700744628906,99.0
192,87.03289794921875,87.10954284667969,87.1500015258789,87.15325927734375,87.15609741210938,87.1583023071289,87.16001892089844,87.161376953125,87.16246795654297,87.16339111328125,87.16421508789062,87.16496276855469,87.16566467285156,87.16634368896484,87.16700744628906,79.0
193,87.03289794921875,87.10954284667969,87.1500015258789,87.15325927734375,87.15609741210938,87.1583023071289,87.16001892089844,87.161376953125,87.16246795654297,87.16339111328125,87.16421508789062,87.16496276855469,87.16566467285156,87.16634368896484,87.16700744628906,59.0
194,87.03289794921875,87.10954284667969,87.1500015258789,87.15325927734375,87.15609741210938,87.1583023071289,87.16001892089844,87.161376953125,87.16246795654297,87.16339111328125,87.16421508789062,87.16496276855469,87.16566467285156,87.16634368896484,87.16700744628906,39.0
195,87.03289794921875,87.10954284667969,87.1500015258789,87.15325927734375,87.15609741210938,87.1583023071289,87.16001892089844,87.161376953125,87.16246795654297,87.16339111328125,87.16421508789062,87.16496276855469,87.16566467285156,87.16634368896484,87.16700744628906,19.0
196,87.03289794921875,87.10954284667969,87.1500015258789,87.15325927734375,87.15609741210938,87.1583023071289,87.16001892089844,87.161376953125,87.16246795654297,87.16339111328125,87.16421508789062,87.16496276855469,87.16566467285156,87.16634368896484,87.16700744628906,136.0
197,87.03289794921875,87.10954284667969,87.1500015258789,87.15325927734375,87.15609741210938,87.1583023071289,87.16001892089844,87.161376953125,87.16246795654297,87.16339111328125,87.16421508789062,87.16496276855469,87.16566467285156,87.16634368896484,87.16700744628906,116.0
198,87.03289794921875,87.10954284667969,87.1500015258789,87.15325927734375,87.15609741210938,87.1583023071289,87.16001892089844,87.161376953125,87.16246795654297,87.16339111328125,87.16421508789062,87.16496276855469,87.16566467285156,87.16634368896484,87.16700744628906,96.0
199,87.03289794921875,87.10954284667969,87.1500015258789,87.15325927734375,87.15609741210938,87.1583023071289,87.16001892089844,87.161376953125,87.16246795654297,87.16339111328125,87.16421508789062,87.16496276855469,87.16566467285156,87.16634368896484,87.16700744628906,76.0
200,86.83880615234375,87.11102294921875,87.14741516113281,87.1496810913086,87.15179443359375,87.15341186523438,87.15467834472656,87.15568542480469,87.156494140625,87.15718078613281,87.15777587890625,87.15833282470703,87.15885162353516,87.15935516357422,87.15985107421875,56.0
201,86.83880615234375,87.11102294921875,87.14741516113281,87.1496810913086,87.15179443359375,87.15341186523438,87.15467834472656,87.15568542480469,87.156494140625,87.15718078613281,87.15777587890625,87.15833282470703,87.15885162353516,87.15935516357422,87.15985107421875,36.0
202,86.83880615234375,87.11102294921875,87.14741516113281,87.1496810913086,87.15179443359375,87.15341186523438,87.15467834472656,87.15568542480469,87.156494140625,87.15718078613281,87.15777587890625,87.15833282470703,87.15885162353516,87.15935516357422,87.15985107421875,16.0
203,86.83880615234375,87.11102294921875,87.14741516113281,87.1496810913086,87.15179443359375,87.15341186523438,87.15467834472656,87.15568542480469,87.156494140625,87.15718078613281,87.15777587890625,87.15833282470703,87.15885162353516,87.15935516357422,87.15985107421875,145.0
204,86.83880615234375,87.11102294921875,87.14741516113281,87.1496810913086,87.15179443359375,87.15341186523438,87.15467834472656,87.15568542480469,87.156494140625,87.15718078613281,87.15777587890625,87.15833282470703,87.15885162353516,87.15935516357422,87.15985107421875,125.0
205,86.83880615234375,87.11102294921875,87.14741516113281,87.1496810913086,87.15179443359375,87.15341186523438,87.15467834472656,87.15568542480469,87.156494140625,87.15718078613281,87.15777587890625,87.15833282470703,87.15885162353516,87.15935516357422,87.15985107421875,105.0
206,86.83880615234375,87.11102294921875,87.14741516113281,87.1496810913086,87.15179443359375,87.15341186523438,87.15467834472656,87.15568542480469,87.156494140625,87.15718078613281,87.15777587890625,87.15833282470703,87.15885162353516,87.15935516357422,87.15985107421875,85.0
207,86.83880615234375,87.11102294921875,87.14741516113281,87.1496810913086,87.15179443359375,87.15341186523438,87.15467834472656,87.15568542480469,87.156494140625,87.15718078613281,87.15777587890625,87.15833282470703,87.15885162353516,87.15935516357422,87.15985107421875,65.0
208,86.83880615234375,87.11102294921875,87.14741516113281,87.1496810913086,87.15179443359375,87.15341186523438,87.15467834472656,87.15568542480469,87.156494140625,87.15718078613281,87.15777587890625,87.15833282470703,87.15885162353516,87.15935516357422,87.15985107421875,45.0
209,86.83880615234375,87.11102294921875,87.14741516113281,87.1496810913086,87.15179443359375,87.15341186523438,87.15467834472656,87.15568542480469,87.156494140625,87.15718078613281,87.15777587890625,87.15833282470703,87.15885162353516,87.15935516357422,87.15985107421875,25.0
210,86.45222473144531,86.89640045166016,86.92910766601562,86.93087005615234,86.9326171875,86.93396759033203,86.93504333496094,86.93589782714844,86.93659973144531,86.93720245361328,86.93772888183594,86.938232421875,86.93870544433594,86.93916320800781,86.93962097167969,5.0
211,86.45222473144531,86.89640045166016,86.92910766601562,86.93087005615234,86.9326171875,86.93396759033203,86.93504333496094,86.93589782714844,86.93659973144531,86.93720245361328,86.93772888183594,86.938232421875,86.93870544433594,86.93916320800781,86.93962097167969,143.0
212,86.45222473144531,86.89640045166016,86.92910766601562,86.93087005615234,86.9326171875,86.93396759033203,86.93504333496094,86.93589782714844,86.93659973144531,86.93720245361328,86.93772888183594,86.938232421875,86.93870544433594,86.93916320800781,86.93962097167969,123.0
213,86.45222473144531,86.89640045166016,86.92910766601562,86.93087005615234,86.9326171875,86.93396759033203,86.93504333496094,86.93589782714844,86.93659973144531,86.93720245361328,86.93772888183594,86.938232421875,86.93870544433594,86.93916320800781,86.93962097167969,103.0
214,86.45222473144531,86.89640045166016,86.92910766601562,86.93087005615234,86.9326171875,86.93396759033203,86.93504333496094,86.93589782714844,86.93659973144531,86.93720245361328,86.93772888183594,86.938232421875,86.93870544433594,86.93916320800781,86.93962097167969,83.0
215,86.45222473144531,86.89640045166016,86.92910766601562,86.93087005615234,86.9326171875,86.93396759033203,86.93504333496094,86.93589782714844,86.93659973144531,86.93720245361328,86.93772888183594,86.938232421875,86.93870544433594,86.93916320800781,86.93962097167969,63.0
216,86.45222473144531,86.89640045166016,86.92910766601562,86.93087005615234,86.9326171875,86.93396759033203,86.93504333496094,86.93589782714844,86.93659973144531,86.93720245361328,86.93772888183594,86.938232421875,86.93870544433594,86.93916320800781,86.93962097167969,43.0
217,86.45222473144531,86.89640045166016,86.92910766601562,86.93087005615234,86.9326171875,86.93396759033203,86.93504333496094,86.93589782714844,86.93659973144531,86.93720245361328,86.93772888183594,86.938232421875,86.93870544433594,86.93916320800781,86.93962097167969,23.0
218,86.45222473144531,86.89640045166016,86.92910766601562,86.93087005615234,86.9326171875,86.93396759033203,86.93504333496094,86.93589782714844,86.93659973144531,86.93720245361328,86.93772888183594,86.938232421875,86.93870544433594,86.93916320800781,86.93962097167969,3.0
219,86.45222473144531,86.89640045166016,86.92910766601562,86.93087005615234,86.9326171875,86.93396759033203,86.93504333496094,86.93589782714844,86.93659973144531,86.93720245361328,86.93772888183594,86.938232421875,86.93870544433594,86.93916320800781,86.93962097167969,150.0
220,85.94511413574219,86.53715515136719,86.56647491455078,86.5680923461914,86.56975555419922,86.57103729248047,86.57209014892578,86.57293701171875,86.57365417480469,86.57428741455078,86.57485961914062,86.57540893554688,86.57591247558594,86.576416015625,86.576904296875,150.0
221,85.94511413574219,86.53715515136719,86.56647491455078,86.5680923461914,86.56975555419922,86.57103729248047,86.57209014892578,86.57293701171875,86.57365417480469,86.57428741455078,86.57485961914062,86.57540893554688,86.57591247558594,86.576416015625,86.576904296875,134.0
222,85.94511413574219,86.53715515136719,86.56647491455078,86.5680923461914,86.56975555419922,86.57103729248047,86.57209014892578,86.57293701171875,86.57365417480469,86.57428741455078,86.57485961914062,86.57540893554688,86.57591247558594,86.576416015625,86.576904296875,114.0
223,85.94511413574219,86.53715515136719,86.56647491455078,86.5680923461914,86.56975555419922,86.57103729248047,86.57209014892578,86.57293701171875,86.57365417480469,86.57428741455078,86.57485961914062,86.57540893554688,86.57591247558594,86.576416015625,86.576904296875,94.0
224,85.94511413574219,86.53715515136719,86.56647491455078,86.5680923461914,86.56975555419922,86.57103729248047,86.57209014892578,86.57293701171875,86.57365417480469,86.57428741455078,86.57485961914062,86.57540893554688,86.57591247558594,86.576416015625,86.576904296875,74.0
225,85.94511413574219,86.53715515136719,86.56647491455078,86.5680923461914,86.56975555419922,86.57103729248047,86.57209014892578,86.57293701171875,86.57365417480469,86.57428741455078,86.57485961914062,86.57540893554688,86.57591247558594,86.576416015625,86.576904296875,54.0
226,85.94511413574219,86.53715515136719,86.56647491455078,86.5680923461914,86.56975555419922,86.57103729248047,86.57209014892578,86.57293701171875,86.57365417480469,86.57428741455078,86.57485961914062,86.57540893554688,86.57591247558594,86.576416015625,86.576904296875,34.0
227,85.94511413574219,86.53715515136719,86.56647491455078,86.5680923461914,86.56975555419922,86.57103729248047,86.57209014892578,86.57293701171875,86.57365417480469,86.57428741455078,86.57485961914062,86.57540893554688,86.57591247558594,86.576416015625,86.576904296875,14.0
228,85.94511413574219,86.53715515136719,86.56647491455078,86.5680923461914,86.56975555419922,86.57103729248047,86.57209014892578,86.57293701171875,86.57365417480469,86.57428741455078,86.57485961914062,86.57540893554688,86.57591247558594,86.576416015625,86.576904296875,150.0
229,85.94511413574219,86.53715515136719,86.56647491455078,86.5680923461914,86.56975555419922,86.57103729248047,86.57209014892578,86.57293701171875,86.57365417480469,86.57428741455078,86.57485961914062,86.57540893554688,86.57591247558594,86.576416015625,86.576904296875,150.0
230,85.6275634765625,86.34523010253906,86.37086486816406,86.37206268310547,86.37342834472656,86.3744888305664,86.3753662109375,86.37609100341797,86.37672424316406,86.37728881835938,86.37779235839844,86.3782958984375,86.37876892089844,86.37924194335938,86.37968444824219,150.0
231,85.6275634765625,86.34523010253906,86.37086486816406,86.37206268310547,86.37342834472656,86.3744888305664,86.3753662109375,86.37609100341797,86.37672424316406,86.37728881835938,86.37779235839844,86.3782958984375,86.37876892089844,86.37924194335938,86.37968444824219,150.0
232,85.6275634765625,86.34523010253906,86.37086486816406,86.37206268310547,86.37342834472656,86.3744888305664,86.3753662109375,86.37609100341797,86.37672424316406,86.37728881835938,86.37779235839844,86.3782958984375,86.37876892089844,86.37924194335938,86.37968444824219,134.0
233,85.6275634765625,86.34523010253906,86.37086486816406,86.37206268310547,86.37342834472656,86.3744888305664,86.3753662109375,86.37609100341797,86.37672424316406,86.37728881835938,86.37779235839844,86.3782958984375,86.37876892089844,86.37924194335938,86.37968444824219,114.0
234,85.6275634765625,86.34523010253906,86.37086486816406,86.37206268310547,86.37342834472656,86.3744888305664,86.3753662109375,86.37609100341797,86.37672424316406,86.37728881835938,86.37779235839844,86.3782958984375,86.37876892089844,86.37924194335938,86.37968444824219,94.0
235,85.6275634765625,86.34523010253906,86.37086486816406,86.37206268310547,86.37342834472656,86.3744888305664,86.3753662109375,86.37609100341797,86.37672424316406,86.37728881835938,86.37779235839844,86.3782958984375,86.37876892089844,86.37924194335938,86.37968444824219,74.0
236,85.6275634765625,86.34523010253906,86.37086486816406,86.37206268310547,86.37342834472656,86.3744888305664,86.3753662109375,86.37609100341797,86.37672424316406,86.37728881835938,86.37779235839844,86.3782958984375,86.37876892089844,86.37924194335938,86.37968444824219,54.0
237,85.6275634765625,86.34523010253906,86.37086486816406,86.37206268310547,86.37342834472656,86.3744888305664,86.3753662109375,86.37609100341797,86.37672424316406,86.37728881835938,86.37779235839844,86.3782958984375,86.37876892089844,86.37924194335938,86.37968444824219,34.0
238,85.6275634765625,86.34523010253906,86.37086486816406,86.37206268310547,86.37342834472656,86.3744888305664,86.3753662109375,86.37609100341797,86.37672424316406,86.37728881835938,86.37779235839844,86.3782958984375,86.37876892089844,86.37924194335938,86.37968444824219,150.0
239,85.6275634765625,86.34523010253906,86.37086486816406,86.37206268310547,86.37342834472656,86.3744888305664,86.3753662109375,86.37609100341797,86.37672424316406,86.37728881835938,86.37779235839844,86.3782958984375,86.37876892089844,86.37924194335938,86.37968444824219,150.0
240,85.65519714355469,86.47877502441406,86.50013732910156,86.50038146972656,86.50098419189453,86.50145721435547,86.50186157226562,86.50221252441406,86.50253295898438,86.50282287597656,86.50308227539062,86.50336456298828,86.50361633300781,86.50387573242188,86.50413513183594,131.0
241,85.65519714355469,86.47877502441406,86.50013732910156,86.50038146972656,86.50098419189453,86.50145721435547,86.50186157226562,86.50221252441406,86.50253295898438,86.50282287597656,86.50308227539062,86.50336456298828,86.50361633300781,86.50387573242188,86.50413513183594,111.0
242,85.65519714355469,86.47877502441406,86.50013732910156,86.50038146972656,86.50098419189453,86.50145721435547,86.50186157226562,86.50221252441406,86.50253295898438,86.50282287597656,86.50308227539062,86.50336456298828,86.50361633300781,86.50387573242188,86.50413513183594,91.0
243,85.65519714355469,86.47877502441406,86.50013732910156,86.50038146972656,86.50098419189453,86.50145721435547,86.50186157226562,86.50221252441406,86.50253295898438,86.50282287597656,86.50308227539062,86.50336456298828,86.50361633300781,86.50387573242188,86.50413513183594,71.0
244,85.65519714355469,86.47877502441406,86.50013732910156,86.50038146972656,86.50098419189453,86.50145721435547,86.50186157226562,86.50221252441406,86.50253295898438,86.50282287597656,86.50308227539062,86.50336456298828,86.50361633300781,86.50387573242188,86.50413513183594,51.0
245,85.65519714355469,86.47877502441406,86.50013732910156,86.50038146972656,86.50098419189453,86.50145721435547,86.50186157226562,86.50221252441406,86.50253295898438,86.50282287597656,86.50308227539062,86.50336456298828,86.50361633300781,86.50387573242188,86.50413513183594,31.0
246,85.65519714355469,86.47877502441406,86.50013732910156,86.50038146972656,86.50098419189453,86.50145721435547,86.50186157226562,86.50221252441406,86.50253295898438,86.50282287597656,86.50308227539062,86.50336456298828,86.50361633300781,86.50387573242188,86.50413513183594,11.0
247,85.65519714355469,86.47877502441406,86.50013732910156,86.50038146972656,86.50098419189453,86.50145721435547,86.50186157226562,86.50221252441406,86.50253295898438,86.50282287597656,86.50308227539062,86.50336456298828,86.50361633300781,86.50387573242188,86.50413513183594,150.0
248,85.65519714355469,86.47877502441406,86.50013732910156,86.50038146972656,86.50098419189453,86.50145721435547,86.50186157226562,86.50221252441406,86.50253295898438,86.50282287597656,86.50308227539062,86.50336456298828,86.50361633300781,86.50387573242188,86.50413513183594,150.0
249,85.65519714355469,86.47877502441406,86.50013732910156,86.50038146972656,86.50098419189453,86.50145721435547,86.50186157226562,86.50221252441406,86.50253295898438,86.50282287597656,86.50308227539062,86.50336456298828,86.50361633300781,86.50387573242188,86.50413513183594,140.0
250,85.78186798095703,86.69132232666016,86.70834350585938,86.7075424194336,86.70732116699219,86.70713806152344,86.70703125,86.70695495605469,86.70691680908203,86.70689392089844,86.70687866210938,86.70689392089844,86.70690155029297,86.70692443847656,86.70694732666016,120.0
251,85.78186798095703,86.69132232666016,86.70834350585938,86.7075424194336,86.70732116699219,86.70713806152344,86.70703125,86.70695495605469,86.70691680908203,86.70689392089844,86.70687866210938,86.70689392089844,86.70690155029297,86.70692443847656,86.70694732666016,100.0
252,85.78186798095703,86.69132232666016,86.70834350585938,86.7075424194336,86.70732116699219,86.70713806152344,86.70703125,86.70695495605469,86.70691680908203,86.70689392089844,86.70687866210938,86.70689392089844,86.70690155029297,86.70692443847656,86.70694732666016,80.0
253,85.78186798095703,86.69132232666016,86.70834350585938,86.7075424194336,86.70732116699219,86.70713806152344,86.70703125,86.70695495605469,86.70691680908203,86.70689392089844,86.70687866210938,86.70689392089844,86.70690155029297,86.70692443847656,86.70694732666016,60.0
254,85.78186798095703,86.69132232666016,86.70834350585938,86.7075424194336,86.70732116699219,86.70713806152344,86.70703125,86.70695495605469,86.70691680908203,86.70689392089844,86.70687866210938,86.70689392089844,86.70690155029297,86.70692443847656,86.70694732666016,40.0
255,85.78186798095703,86.69132232666016,86.70834350585938,86.7075424194336,86.70732116699219,86.70713806152344,86.70703125,86.70695495605469,86.70691680908203,86.70689392089844,86.70687866210938,86.70689392089844,86.70690155029297,86.70692443847656,86.70694732666016,20.0
256,85.78186798095703,86.69132232666016,86.70834350585938,86.7075424194336,86.70732116699219,86.70713806152344,86.70703125,86.70695495605469,86.70691680908203,86.70689392089844,86.70687866210938,86.70689392089844,86.70690155029297,86.70692443847656,86.70694732666016,0.0
257,85.78186798095703,86.69132232666016,86.70834350585938,86.7075424194336,86.70732116699219,86.70713806152344,86.70703125,86.70695495605469,86.70691680908203,86.70689392089844,86.70687866210938,86.70689392089844,86.70690155029297,86.70692443847656,86.70694732666016,150.0
258,85.78186798095703,86.69132232666016,86.70834350585938,86.7075424194336,86.70732116699219,86.70713806152344,86.70703125,86.70695495605469,86.70691680908203,86.70689392089844,86.70687866210938,86.70689392089844,86.70690155029297,86.70692443847656,86.70694732666016,150.0
259,85.78186798095703,86.69132232666016,86.70834350585938,86.7075424194336,86.70732116699219,86.70713806152344,86.70703125,86.70695495605469,86.70691680908203,86.70689392089844,86.70687866210938,86.70689392089844,86.70690155029297,86.70692443847656,86.70694732666016,135.0
260,85.89244842529297,86.86770629882812,86.88064575195312,86.87892150878906,86.87799072265625,86.87723541259766,86.87667846679688,86.87623596191406,86.87588500976562,86.87559509277344,86.87533569335938,86.87511444091797,86.87491607666016,86.87474060058594,86.87455749511719,115.0
261,85.89244842529297,86.86770629882812,86.88064575195312,86.87892150878906,86.87799072265625,86.87723541259766,86.87667846679688,86.87623596191406,86.87588500976562,86.87559509277344,86.87533569335938,86.87511444091797,86.87491607666016,86.87474060058594,86.87455749511719,95.0
262,85.89244842529297,86.86770629882812,86.88064575195312,86.87892150878906,86.87799072265625,86.87723541259766,86.87667846679688,86.87623596191406,86.87588500976562,86.87559509277344,86.87533569335938,86.87511444091797,86.87491607666016,86.87474060058594,86.87455749511719,75.0
263,85.89244842529297,86.86770629882812,86.88064575195312,86.87892150878906,86.87799072265625,86.87723541259766,86.87667846679688,86.87623596191406,86.87588500976562,86.87559509277344,86.87533569335938,86.87511444091797,86.87491607666016,86.87474060058594,86.87455749511719,55.0
264,85.89244842529297,86.86770629882812,86.88064575195312,86.87892150878906,86.87799072265625,86.87723541259766,86.87667846679688,86.87623596191406,86.87588500976562,86.87559509277344,86.87533569335938,86.87511444091797,86.87491607666016,86.87474060058594,86.87455749511719,35.0
265,85.89244842529297,86.86770629882812,86.88064575195312,86.87892150878906,86.87799072265625,86.87723541259766,86.87667846679688,86.87623596191406,86.87588500976562,86.87559509277344,86.87533569335938,86.87511444091797,86.87491607666016,86.87474060058594,86.87455749511719,15.0
266,85.89244842529297,86.86770629882812,86.88064575195312,86.87892150878906,86.87799072265625,86.87723541259766,86.87667846679688,86.87623596191406,86.87588500976562,86.87559509277344,86.87533569335938,86.87511444091797,86.87491607666016,86.87474060058594,86.87455749511719,150.0
267,85.89244842529297,86.86770629882812,86.88064575195312,86.87892150878906,86.87799072265625,86.87723541259766,86.87667846679688,86.87623596191406,86.87588500976562,86.87559509277344,86.87533569335938,86.87511444091797,86.87491607666016,86.87474060058594,86.87455749511719,141.0
268,85.89244842529297,86.86770629882812,86.88064575195312,86.87892150878906,86.87799072265625,86.87723541259766,86.87667846679688,86.87623596191406,86.87588500976562,86.87559509277344,86.87533569335938,86.87511444091797,86.87491607666016,86.87474060058594,86.87455749511719,121.0
269,85.89244842529297,86.86770629882812,86.88064575195312,86.87892150878906,86.87799072265625,86.87723541259766,86.87667846679688,86.87623596191406,86.87588500976562,86.87559509277344,86.87533569335938,86.87511444091797,86.87491607666016,86.87474060058594,86.87455749511719,101.0
270,86.04812622070312,87.07081604003906,87.07978820800781,87.07718658447266,87.07554626464844,87.07422637939453,87.07322692871094,87.07242584228516,87.07176208496094,87.07120513916016,87.07069396972656,87.07025146484375,87.06983184814453,87.06945037841797,87.0690689086914,81.0
271,86.04812622070312,87.07081604003906,87.07978820800781,87.07718658447266,87.07554626464844,87.07422637939453,87.07322692871094,87.07242584228516,87.07176208496094,87.07120513916016,87.07069396972656,87.07025146484375,87.06983184814453,87.06945037841797,87.0690689086914,61.0
272,86.04812622070312,87.07081604003906,87.07978820800781,87.07718658447266,87.07554626464844,87.07422637939453,87.07322692871094,87.07242584228516,87.07176208496094,87.07120513916016,87.07069396972656,87.07025146484375,87.06983184814453,87.06945037841797,87.0690689086914,41.0
273,86.04812622070312,87.07081604003906,87.07978820800781,87.07718658447266,87.07554626464844,87.07422637939453,87.07322692871094,87.07242584228516,87.07176208496094,87.07120513916016,87.07069396972656,87.07025146484375,87.06983184814453,87.06945037841797,87.0690689086914,21.0
274,86.04812622070312,87.07081604003906,87.07978820800781,87.07718658447266,87.07554626464844,87.07422637939453,87.07322692871094,87.07242584228516,87.07176208496094,87.07120513916016,87.07069396972656,87.07025146484375,87.06983184814453,87.06945037841797,87.0690689086914,1.0
275,86.04812622070312,87.07081604003906,87.07978820800781,87.07718658447266,87.07554626464844,87.07422637939453,87.07322692871094,87.07242584228516,87.07176208496094,87.07120513916016,87.07069396972656,87.07025146484375,87.06983184814453,87.06945037841797,87.0690689086914,138.0
276,86.04812622070312,87.07081604003906,87.07978820800781,87.07718658447266,87.07554626464844,87.07422637939453,87.07322692871094,87.07242584228516,87.07176208496094,87.07120513916016,87.07069396972656,87.07025146484375,87.06983184814453,87.06945037841797,87.0690689086914,118.0
277,86.04812622070312,87.07081604003906,87.07978820800781,87.07718658447266,87.07554626464844,87.07422637939453,87.07322692871094,87.07242584228516,87.07176208496094,87.07120513916016,87.07069396972656,87.07025146484375,87.06983184814453,87.06945037841797,87.0690689086914,98.0
278,86.04812622070312,87.07081604003906,87.07978820800781,87.07718658447266,87.07554626464844,87.07422637939453,87.07322692871094,87.07242584228516,87.07176208496094,87.07120513916016,87.07069396972656,87.07025146484375,87.06983184814453,87.06945037841797,87.0690689086914,78.0
279,86.04812622070312,87.07081604003906,87.07978820800781,87.07718658447266,87.07554626464844,87.07422637939453,87.07322692871094,87.07242584228516,87.07176208496094,87.07120513916016,87.07069396972656,87.07025146484375,87.06983184814453,87.06945037841797,87.0690689086914,58.0
280,85.97769165039062,87.02763366699219,87.03343963623047,87.030517578125,87.02861785888672,87.02710723876953,87.02594757080078,87.0250244140625,87.02425384521484,87.02361297607422,87.02304077148438,87.02253723144531,87.02204895019531,87.0216064453125,87.02116394042969,38.0
281,85.97769165039062,87.02763366699219,87.03343963623047,87.030517578125,87.02861785888672,87.02710723876953,87.02594757080078,87.0250244140625,87.02425384521484,87.02361297607422,87.02304077148438,87.02253723144531,87.02204895019531,87.0216064453125,87.02116394042969,18.0
282,85.97769165039062,87.02763366699219,87.03343963623047,87.030517578125,87.02861785888672,87.02710723876953,87.02594757080078,87.0250244140625,87.02425384521484,87.02361297607422,87.02304077148438,87.02253723144531,87.02204895019531,87.0216064453125,87.02116394042969,150.0
283,85.97769165039062,87.02763366699219,87.03343963623047,87.030517578125,87.02861785888672,87.02710723876953,87.02594757080078,87.0250244140625,87.02425384521484,87.02361297607422,87.02304077148438,87.02253723144531,87.02204895019531,87.0216064453125,87.02116394042969,130.0
284,85.97769165039062,87.02763366699219,87.03343963623047,87.030517578125,87.02861785888672,87.02710723876953,87.02594757080078,87.0250244140625,87.02425384521484,87.02361297607422,87.02304077148438,87.02253723144531,87.02204895019531,87.0216064453125,87.02116394042969,110.0
285,85.97769165039062,87.02763366699219,87.03343963623047,87.030517578125,87.02861785888672,87.02710723876953,87.02594757080078,87.0250244140625,87.02425384521484,87.02361297607422,87.02304077148438,87.02253723144531,87.02204895019531,87.0216064453125,87.02116394042969,90.0
286,85.97769165039062,87.02763366699219,87.03343963623047,87.030517578125,87.02861785888672,87.02710723876953,87.02594757080078,87.0250244140625,87.02425384521484,87.02361297607422,87.02304077148438,87.02253723144531,87.02204895019531,87.0216064453125,87.02116394042969,70.0
287,85.97769165039062,87.02763366699219,87.03343963623047,87.030517578125,87.02861785888672,87.02710723876953,87.02594757080078,87.0250244140625,87.02425384521484,87.02361297607422,87.02304077148438,87.02253723144531,87.02204895019531,87.0216064453125,87.02116394042969,50.0
288,85.97769165039062,87.02763366699219,87.03343963623047,87.030517578125,87.02861785888672,87.02710723876953,87.02594757080078,87.0250244140625,87.02425384521484,87.02361297607422,87.02304077148438,87.02253723144531,87.02204895019531,87.0216064453125,87.02116394042969,30.0
289,85.97769165039062,87.02763366699219,87.03343963623047,87.030517578125,87.02861785888672,87.02710723876953,87.02594757080078,87.0250244140625,87.02425384521484,87.02361297607422,87.02304077148438,87.02253723144531,87.02204895019531,87.0216064453125,87.02116394042969,10.0
290,85.70624542236328,86.76481628417969,86.76824951171875,86.76553344726562,86.76376342773438,86.76238250732422,86.7613296508789,86.76049041748047,86.75981903076172,86.75926208496094,86.75877380371094,86.75834655761719,86.75794219970703,86.757568359375,86.7572021484375,150.0
291,85.70624542236328,86.76481628417969,86.76824951171875,86.76553344726562,86.76376342773438,86.76238250732422,86.7613296508789,86.76049041748047,86.75981903076172,86.75926208496094,86.75877380371094,86.75834655761719,86.75794219970703,86.757568359375,86.7572021484375,150.0
292,85.70624542236328,86.76481628417969,86.76824951171875,86.76553344726562,86.76376342773438,86.76238250732422,86.7613296508789,86.76049041748047,86.75981903076172,86.75926208496094,86.75877380371094,86.75834655761719,86.75794219970703,86.757568359375,86.7572021484375,134.0
293,85.70624542236328,86.76481628417969,86.76824951171875,86.76553344726562,86.76376342773438,86.76238250732422,86.7613296508789,86.76049041748047,86.75981903076172,86.75926208496094,86.75877380371094,86.75834655761719,86.75794219970703,86.757568359375,86.7572021484375,114.0
294,85.70624542236328,86.76481628417969,86.76824951171875,86.76553344726562,86.76376342773438,86.76238250732422,86.7613296508789,86.76049041748047,86.75981903076172,86.75926208496094,86.75877380371094,86.75834655761719,86.75794219970703,86.757568359375,86.7572021484375,94.0
295,85.70624542236328,86.76481628417969,86.76824951171875,86.76553344726562,86.76376342773438,86.76238250732422,86.7613296508789,86.76049041748047,86.75981903076172,86.75926208496094,86.75877380371094,86.75834655761719,86.75794219970703,86.757568359375,86.7572021484375,74.0
296,85.70624542236328,86.76481628417969,86.76824951171875,86.76553344726562,86.76376342773438,86.76238250732422,86.7613296508789,86.76049041748047,86.75981903076172,86.75926208496094,86.75877380371094,86.75834655761719,86.75794219970703,86.757568359375,86.7572021484375,54.0
297,85.70624542236328,86.76481628417969,86.76824951171875,86.76553344726562,86.76376342773438,86.76238250732422,86.7613296508789,86.76049041748047,86.75981903076172,86.75926208496094,86.75877380371094,86.75834655761719,86.75794219970703,86.757568359375,86.7572021484375,34.0
298,85.70624542236328,86.76481628417969,86.76824951171875,86.76553344726562,86.76376342773438,86.76238250732422,86.7613296508789,86.76049041748047,86.75981903076172,86.75926208496094,86.75877380371094,86.75834655761719,86.75794219970703,86.757568359375,86.7572021484375,14.0
299,85.70624542236328,86.76481628417969,86.76824951171875,86.76553344726562,86.76376342773438,86.76238250732422,86.7613296508789,86.76049041748047,86.75981903076172,86.75926208496094,86.75877380371094,86.75834655761719,86.75794219970703,86.757568359375,86.7572021484375,108.0
300,85.54955291748047,86.60330963134766,86.60440063476562,86.60173797607422,86.5999984741211,86.59864044189453,86.59761810302734,86.59680938720703,86.5961685180664,86.59564971923828,86.59519958496094,86.59480285644531,86.59442901611328,86.5940933227539,86.59375762939453,88.0
301,85.54955291748047,86.60330963134766,86.60440063476562,86.60173797607422,86.5999984741211,86.59864044189453,86.59761810302734,86.59680938720703,86.5961685180664,86.59564971923828,86.59519958496094,86.59480285644531,86.59442901611328,86.5940933227539,86.59375762939453,68.0
302,85.54955291748047,86.60330963134766,86.60440063476562,86.60173797607422,86.5999984741211,86.59864044189453,86.59761810302734,86.59680938720703,86.5961685180664,86.59564971923828,86.59519958496094,86.59480285644531,86.59442901611328,86.5940933227539,86.59375762939453,48.0
303,85.54955291748047,86.60330963134766,86.60440063476562,86.60173797607422,86.5999984741211,86.59864044189453,86.59761810302734,86.59680938720703,86.5961685180664,86.59564971923828,86.59519958496094,86.59480285644531,86.59442901611328,86.5940933227539,86.59375762939453,28.0
304,85.54955291748047,86.60330963134766,86.60440063476562,86.60173797607422,86.5999984741211,86.59864044189453,86.59761810302734,86.59680938720703,86.5961685180664,86.59564971923828,86.59519958496094,86.59480285644531,86.59442901611328,86.5940933227539,86.59375762939453,8.0
305,85.54955291748047,86.60330963134766,86.60440063476562,86.60173797607422,86.5999984741211,86.59864044189453,86.59761810302734,86.59680938720703,86.5961685180664,86.59564971923828,86.59519958496094,86.59480285644531,86.59442901611328,86.5940933227539,86.59375762939453,150.0
306,85.54955291748047,86.60330963134766,86.60440063476562,86.60173797607422,86.5999984741211,86.59864044189453,86.59761810302734,86.59680938720703,86.5961685180664,86.59564971923828,86.59519958496094,86.59480285644531,86.59442901611328,86.5940933227539,86.59375762939453,148.0
307,85.54955291748047,86.60330963134766,86.60440063476562,86.60173797607422,86.5999984741211,86.59864044189453,86.59761810302734,86.59680938720703,86.5961685180664,86.59564971923828,86.59519958496094,86.59480285644531,86.59442901611328,86.5940933227539,86.59375762939453,128.0
308,85.54955291748047,86.60330963134766,86.60440063476562,86.60173797607422,86.5999984741211,86.59864044189453,86.59761810302734,86.59680938720703,86.5961685180664,86.59564971923828,86.59519958496094,86.59480285644531,86.59442901611328,86.5940933227539,86.59375762939453,108.0
309,85.54955291748047,86.60330963134766,86.60440063476562,86.60173797607422,86.5999984741211,86.59864044189453,86.59761810302734,86.59680938720703,86.5961685180664,86.59564971923828,86.59519958496094,86.59480285644531,86.59442901611328,86.5940933227539,86.59375762939453,88.0
310,85.41683197021484,86.45288848876953,86.45184326171875,86.44927978515625,86.44760131835938,86.44629669189453,86.44532775878906,86.44456481933594,86.44396209716797,86.44346618652344,86.44306182861328,86.44271087646484,86.4423599243164,86.44206237792969,86.44176483154297,68.0
311,85.41683197021484,86.45288848876953,86.45184326171875,86.44927978515625,86.44760131835938,86.44629669189453,86.44532775878906,86.44456481933594,86.44396209716797,86.44346618652344,86.44306182861328,86.44271087646484,86.4423599243164,86.44206237792969,86.44176483154297,48.0
312,85.41683197021484,86.45288848876953,86.45184326171875,86.44927978515625,86.44760131835938,86.44629669189453,86.44532775878906,86.44456481933594,86.44396209716797,86.44346618652344,86.44306182861328,86.44271087646484,86.4423599243164,86.44206237792969,86.44176483154297,28.0
313,85.41683197021484,86.45288848876953,86.45184326171875,86.44927978515625,86.44760131835938,86.44629669189453,86.44532775878906,86.44456481933594,86.44396209716797,86.44346618652344,86.44306182861328,86.44271087646484,86.4423599243164,86.44206237792969,86.44176483154297,8.0
314,85.41683197021484,86.45288848876953,86.45184326171875,86.44927978515625,86.44760131835938,86.44629669189453,86.44532775878906,86.44456481933594,86.44396209716797,86.44346618652344,86.44306182861328,86.44271087646484,86.4423599243164,86.44206237792969,86.44176483154297,150.0
315,85.41683197021484,86.45288848876953,86.45184326171875,86.44927978515625,86.44760131835938,86.44629669189453,86.44532775878906,86.44456481933594,86.44396209716797,86.44346618652344,86.44306182861328,86.44271087646484,86.4423599243164,86.44206237792969,86.44176483154297,150.0
316,85.41683197021484,86.45288848876953,86.45184326171875,86.44927978515625,86.44760131835938,86.44629669189453,86.44532775878906,86.44456481933594,86.44396209716797,86.44346618652344,86.44306182861328,86.44271087646484,86.4423599243164,86.44206237792969,86.44176483154297,150.0
317,85.41683197021484,86.45288848876953,86.45184326171875,86.44927978515625,86.44760131835938,86.44629669189453,86.44532775878906,86.44456481933594,86.44396209716797,86.44346618652344,86.44306182861328,86.44271087646484,86.4423599243164,86.44206237792969,86.44176483154297,136.0
318,85.41683197021484,86.45288848876953,86.45184326171875,86.44927978515625,86.44760131835938,86.44629669189453,86.44532775878906,86.44456481933594,86.44396209716797,86.44346618652344,86.44306182861328,86.44271087646484,86.4423599243164,86.44206237792969,86.44176483154297,116.0
319,85.41683197021484,86.45288848876953,86.45184326171875,86.44927978515625,86.44760131835938,86.44629669189453,86.44532775878906,86.44456481933594,86.44396209716797,86.44346618652344,86.44306182861328,86.44271087646484,86.4423599243164,86.44206237792969,86.44176483154297,96.0
320,85.41846466064453,86.4267349243164,86.42353820800781,86.42088317871094,86.41911315917969,86.41773223876953,86.41669464111328,86.4158935546875,86.41525268554688,86.41473388671875,86.41429138183594,86.41390991210938,86.41354370117188,86.41321563720703,86.41289520263672,76.0
321,85.41846466064453,86.4267349243164,86.42353820800781,86.42088317871094,86.41911315917969,86.41773223876953,86.41669464111328,86.4158935546875,86.41525268554688,86.41473388671875,86.41429138183594,86.41390991210938,86.41354370117188,86.41321563720703,86.41289520263672,56.0
322,85.41846466064453,86.4267349243164,86.42353820800781,86.42088317871094,86.41911315917969,86.41773223876953,86.41669464111328,86.4158935546875,86.41525268554688,86.41473388671875,86.41429138183594,86.41390991210938,86.41354370117188,86.41321563720703,86.41289520263672,36.0
323,85.41846466064453,86.4267349243164,86.42353820800781,86.42088317871094,86.41911315917969,86.41773223876953,86.41669464111328,86.4158935546875,86.41525268554688,86.41473388671875,86.41429138183594,86.41390991210938,86.41354370117188,86.41321563720703,86.41289520263672,16.0
324,85.41846466064453,86.4267349243164,86.42353820800781,86.42088317871094,86.41911315917969,86.41773223876953,86.41669464111328,86.4158935546875,86.41525268554688,86.41473388671875,86.41429138183594,86.41390991210938,86.41354370117188,86.41321563720703,86.41289520263672,150.0
325,85.41846466064453,86.4267349243164,86.42353820800781,86.42088317871094,86.41911315917969,86.41773223876953,86.41669464111328,86.4158935546875,86.41525268554688,86.41473388671875,86.41429138183594,86.41390991210938,86.41354370117188,86.41321563720703,86.41289520263672,150.0
326,85.41846466064453,86.4267349243164,86.42353820800781,86.42088317871094,86.41911315917969,86.41773223876953,86.41669464111328,86.4158935546875,86.41525268554688,86.41473388671875,86.41429138183594,86.41390991210938,86.41354370117188,86.41321563720703,86.41289520263672,136.0
327,85.41846466064453,86.4267349243164,86.42353820800781,86.42088317871094,86.41911315917969,86.41773223876953,86.41669464111328,86.4158935546875,86.41525268554688,86.41473388671875,86.41429138183594,86.41390991210938,86.41354370117188,86.41321563720703,86.41289520263672,116.0
328,85.41846466064453,86.4267349243164,86.42353820800781,86.42088317871094,86.41911315917969,86.41773223876953,86.41669464111328,86.4158935546875,86.41525268554688,86.41473388671875,86.41429138183594,86.41390991210938,86.41354370117188,86.41321563720703,86.41289520263672,96.0
329,85.41846466064453,86.4267349243164,86.42353820800781,86.42088317871094,86.41911315917969,86.41773223876953,86.41669464111328,86.4158935546875,86.41525268554688,86.41473388671875,86.41429138183594,86.41390991210938,86.41354370117188,86.41321563720703,86.41289520263672,76.0
330,85.48799133300781,86.45907592773438,86.45384216308594,86.45103454589844,86.4491195678711,86.44761657714844,86.44648742675781,86.44560241699219,86.44488525390625,86.44432067871094,86.4438247680664,86.4433822631836,86.4429702758789,86.44258880615234,86.44222259521484,56.0
331,85.48799133300781,86.45907592773438,86.45384216308594,86.45103454589844,86.4491195678711,86.44761657714844,86.44648742675781,86.44560241699219,86.44488525390625,86.44432067871094,86.4438247680664,86.4433822631836,86.4429702758789,86.44258880615234,86.44222259521484,36.0
332,85.48799133300781,86.45907592773438,86.45384216308594,86.45103454589844,86.4491195678711,86.44761657714844,86.44648742675781,86.44560241699219,86.44488525390625,86.44432067871094,86.4438247680664,86.4433822631836,86.4429702758789,86.44258880615234,86.44222259521484,16.0
333,85.48799133300781,86.45907592773438,86.45384216308594,86.45103454589844,86.4491195678711,86.44761657714844,86.44648742675781,86.44560241699219,86.44488525390625,86.44432067871094,86.4438247680664,86.4433822631836,86.4429702758789,86.44258880615234,86.44222259521484,150.0
334,85.48799133300781,86.45907592773438,86.45384216308594,86.45103454589844,86.4491195678711,86.44761657714844,86.44648742675781,86.44560241699219,86.44488525390625,86.44432067871094,86.4438247680664,86.4433822631836,86.4429702758789,86.44258880615234,86.44222259521484,150.0
335,85.48799133300781,86.45907592773438,86.45384216308594,86.45103454589844,86.4491195678711,86.44761657714844,86.44648742675781,86.44560241699219,86.44488525390625,86.44432067871094,86.4438247680664,86.4433822631836,86.4429702758789,86.44258880615234,86.44222259521484,147.0
336,85.48799133300781,86.45907592773438,86.45384216308594,86.45103454589844,86.4491195678711,86.44761657714844,86.44648742675781,86.44560241699219,86.44488525390625,86.44432067871094,86.4438247680664,86.4433822631836,86.4429702758789,86.44258880615234,86.44222259521484,127.0
337,85.48799133300781,86.45907592773438,86.45384216308594,86.45103454589844,86.4491195678711,86.44761657714844,86.44648742675781,86.44560241699219,86.44488525390625,86.44432067871094,86.4438247680664,86.4433822631836,86.4429702758789,86.44258880615234,86.44222259521484,107.0
338,85.48799133300781,86.45907592773438,86.45384216308594,86.45103454589844,86.4491195678711,86.44761657714844,86.44648742675781,86.44560241699219,86.44488525390625,86.44432067871094,86.4438247680664,86.4433822631836,86.4429702758789,86.44258880615234,86.44222259521484,87.0
339,85.48799133300781,86.45907592773438,86.45384216308594,86.45103454589844,86.4491195678711,86.44761657714844,86.44648742675781,86.44560241699219,86.44488525390625,86.44432067871094,86.4438247680664,86.4433822631836,86.4429702758789,86.44258880615234,86.44222259521484,67.0
340,85.66224670410156,86.58854675292969,86.58128356933594,86.57818603515625,86.57600402832031,86.57429504394531,86.57298278808594,86.57195281982422,86.57112121582031,86.5704345703125,86.56983184814453,86.56929016113281,86.56878662109375,86.56830596923828,86.56784057617188,47.0
341,85.66224670410156,86.58854675292969,86.58128356933594,86.57818603515625,86.57600402832031,86.57429504394531,86.57298278808594,86.57195281982422,86.57112121582031,86.5704345703125,86.56983184814453,86.56929016113281,86.56878662109375,86.56830596923828,86.56784057617188,27.0
342,85.66224670410156,86.58854675292969,86.58128356933594,86.57818603515625,86.57600402832031,86.57429504394531,86.57298278808594,86.57195281982422,86.57112121582031,86.5704345703125,86.56983184814453,86.56929016113281,86.56878662109375,86.56830596923828,86.56784057617188,7.0
343,85.66224670410156,86.58854675292969,86.58128356933594,86.57818603515625,86.57600402832031,86.57429504394531,86.57298278808594,86.57195281982422,86.57112121582031,86.5704345703125,86.56983184814453,86.56929016113281,86.56878662109375,86.56830596923828,86.56784057617188,150.0
344,85.66224670410156,86.58854675292969,86.58128356933594,86.57818603515625,86.57600402832031,86.57429504394531,86.57298278808594,86.57195281982422,86.57112121582031,86.5704345703125,86.56983184814453,86.56929016113281,86.56878662109375,86.56830596923828,86.56784057617188,150.0
345,85.66224670410156,86.58854675292969,86.58128356933594,86.57818603515625,86.57600402832031,86.57429504394531,86.57298278808594,86.57195281982422,86.57112121582031,86.5704345703125,86.56983184814453,86.56929016113281,86.56878662109375,86.56830596923828,86.56784057617188,132.0
346,85.66224670410156,86.58854675292969,86.58128356933594,86.57818603515625,86.57600402832031,86.57429504394531,86.57298278808594,86.57195281982422,86.57112121582031,86.5704345703125,86.56983184814453,86.56929016113281,86.56878662109375,86.56830596923828,86.56784057617188,112.0
347,85.66224670410156,86.58854675292969,86.58128356933594,86.57818603515625,86.57600402832031,86.57429504394531,86.57298278808594,86.57195281982422,86.57112121582031,86.5704345703125,86.56983184814453,86.56929016113281,86.56878662109375,86.56830596923828,86.56784057617188,92.0
348,85.66224670410156,86.58854675292969,86.58128356933594,86.57818603515625,86.57600402832031,86.57429504394531,86.57298278808594,86.57195281982422,86.57112121582031,86.5704345703125,86.56983184814453,86.56929016113281,86.56878662109375,86.56830596923828,86.56784057617188,72.0
349,85.66224670410156,86.58854675292969,86.58128356933594,86.57818603515625,86.57600402832031,86.57429504394531,86.57298278808594,86.57195281982422,86.57112121582031,86.5704345703125,86.56983184814453,86.56929016113281,86.56878662109375,86.56830596923828,86.56784057617188,52.0
350,85.79948425292969,86.67329406738281,86.66438293457031,86.66111755371094,86.65878295898438,86.65693664550781,86.65552520751953,86.65440368652344,86.65348815917969,86.65272521972656,86.65205383300781,86.65144348144531,86.65087890625,86.65033721923828,86.64982604980469,32.0
351,85.79948425292969,86.67329406738281,86.66438293457031,86.66111755371094,86.65878295898438,86.65693664550781,86.65552520751953,86.65440368652344,86.65348815917969,86.65272521972656,86.65205383300781,86.65144348144531,86.65087890625,86.65033721923828,86.64982604980469,12.0
352,85.79948425292969,86.67329406738281,86.66438293457031,86.66111755371094,86.65878295898438,86.65693664550781,86.65552520751953,86.65440368652344,86.65348815917969,86.65272521972656,86.65205383300781,86.65144348144531,86.65087890625,86.65033721923828,86.64982604980469,138.0
353,85.79948425292969,86.67329406738281,86.66438293457031,86.66111755371094,86.65878295898438,86.65693664550781,86.65552520751953,86.65440368652344,86.65348815917969,86.65272521972656,86.65205383300781,86.65144348144531,86.65087890625,86.65033721923828,86.64982604980469,118.0
354,85.79948425292969,86.67329406738281,86.66438293457031,86.66111755371094,86.65878295898438,86.65693664550781,86.65552520751953,86.65440368652344,86.65348815917969,86.65272521972656,86.65205383300781,86.65144348144531,86.65087890625,86.65033721923828,86.64982604980469,98.0
355,85.79948425292969,86.67329406738281,86.66438293457031,86.66111755371094,86.65878295898438,86.65693664550781,86.65552520751953,86.65440368652344,86.65348815917969,86.65272521972656,86.65205383300781,86.65144348144531,86.65087890625,86.65033721923828,86.64982604980469,78.0
356,85.79948425292969,86.67329406738281,86.66438293457031,86.66111755371094,86.65878295898438,86.65693664550781,86.65552520751953,86.65440368652344,86.65348815917969,86.65272521972656,86.65205383300781,86.65144348144531,86.65087890625,86.65033721923828,86.64982604980469,58.0
357,85.79948425292969,86.67329406738281,86.66438293457031,86.66111755371094,86.65878295898438,86.65693664550781,86.65552520751953,86.65440368652344,86.65348815917969,86.65272521972656,86.65205383300781,86.65144348144531,86.65087890625,86.65033721923828,86.64982604980469,38.0
358,85.79948425292969,86.67329406738281,86.66438293457031,86.66111755371094,86.65878295898438,86.65693664550781,86.65552520751953,86.65440368652344,86.65348815917969,86.65272521972656,86.65205383300781,86.65144348144531,86.65087890625,86.65033721923828,86.64982604980469,18.0
359,85.79948425292969,86.67329406738281,86.66438293457031,86.66111755371094,86.65878295898438,86.65693664550781,86.65552520751953,86.65440368652344,86.65348815917969,86.65272521972656,86.65205383300781,86.65144348144531,86.65087890625,86.65033721923828,86.64982604980469,150.0
360,85.77296447753906,86.58694458007812,86.57708740234375,86.57402038574219,86.57181549072266,86.5700912475586,86.56874084472656,86.56770324707031,86.56685638427734,86.5661392211914,86.5655288696289,86.5649642944336,86.5644302368164,86.56393432617188,86.56346130371094,150.0
361,85.77296447753906,86.58694458007812,86.57708740234375,86.57402038574219,86.57181549072266,86.5700912475586,86.56874084472656,86.56770324707031,86.56685638427734,86.5661392211914,86.5655288696289,86.5649642944336,86.5644302368164,86.56393432617188,86.56346130371094,150.0
362,85.77296447753906,86.58694458007812,86.57708740234375,86.57402038574219,86.57181549072266,86.5700912475586,86.56874084472656,86.56770324707031,86.56685638427734,86.5661392211914,86.5655288696289,86.5649642944336,86.5644302368164,86.56393432617188,86.56346130371094,150.0
363,85.77296447753906,86.58694458007812,86.57708740234375,86.57402038574219,86.57181549072266,86.5700912475586,86.56874084472656,86.56770324707031,86.56685638427734,86.5661392211914,86.5655288696289,86.5649642944336,86.5644302368164,86.56393432617188,86.56346130371094,150.0
364,85.77296447753906,86.58694458007812,86.57708740234375,86.57402038574219,86.57181549072266,86.5700912475586,86.56874084472656,86.56770324707031,86.56685638427734,86.5661392211914,86.5655288696289,86.5649642944336,86.5644302368164,86.56393432617188,86.56346130371094,136.0
365,85.77296447753906,86.58694458007812,86.57708740234375,86.57402038574219,86.57181549072266,86.5700912475586,86.56874084472656,86.56770324707031,86.56685638427734,86.5661392211914,86.5655288696289,86.5649642944336,86.5644302368164,86.56393432617188,86.56346130371094,116.0
366,85.77296447753906,86.58694458007812,86.57708740234375,86.57402038574219,86.57181549072266,86.5700912475586,86.56874084472656,86.56770324707031,86.56685638427734,86.5661392211914,86.5655288696289,86.5649642944336,86.5644302368164,86.56393432617188,86.56346130371094,96.0
367,85.77296447753906,86.58694458007812,86.57708740234375,86.57402038574219,86.57181549072266,86.5700912475586,86.56874084472656,86.56770324707031,86.56685638427734,86.5661392211914,86.5655288696289,86.5649642944336,86.5644302368164,86.56393432617188,86.56346130371094,76.0
368,85.77296447753906,86.58694458007812,86.57708740234375,86.57402038574219,86.57181549072266,86.5700912475586,86.56874084472656,86.56770324707031,86.56685638427734,86.5661392211914,86.5655288696289,86.5649642944336,86.5644302368164,86.56393432617188,86.56346130371094,56.0
369,85.77296447753906,86.58694458007812,86.57708740234375,86.57402038574219,86.57181549072266,86.5700912475586,86.56874084472656,86.56770324707031,86.56685638427734,86.5661392211914,86.5655288696289,86.5649642944336,86.5644302368164,86.56393432617188,86.56346130371094,150.0
370,86.22270202636719,86.97615814208984,86.96437072753906,86.96062469482422,86.95784759521484,86.95565795898438,86.95394134521484,86.95258331298828,86.9514389038086,86.95046997070312,86.9496078491211,86.94881439208984,86.94807434082031,86.94734954833984,86.9466781616211,150.0
371,86.22270202636719,86.97615814208984,86.96437072753906,86.96062469482422,86.95784759521484,86.95565795898438,86.95394134521484,86.95258331298828,86.9514389038086,86.95046997070312,86.9496078491211,86.94881439208984,86.94807434082031,86.94734954833984,86.9466781616211,150.0
372,86.22270202636719,86.97615814208984,86.96437072753906,86.96062469482422,86.95784759521484,86.95565795898438,86.95394134521484,86.95258331298828,86.9514389038086,86.95046997070312,86.9496078491211,86.94881439208984,86.94807434082031,86.94734954833984,86.9466781616211,134.0
373,86.22270202636719,86.97615814208984,86.96437072753906,86.96062469482422,86.95784759521484,86.95565795898438,86.95394134521484,86.95258331298828,86.9514389038086,86.95046997070312,86.9496078491211,86.94881439208984,86.94807434082031,86.94734954833984,86.9466781616211,114.0
374,86.22270202636719,86.97615814208984,86.96437072753906,86.96062469482422,86.95784759521484,86.95565795898438,86.95394134521484,86.95258331298828,86.9514389038086,86.95046997070312,86.9496078491211,86.94881439208984,86.94807434082031,86.94734954833984,86.9466781616211,94.0
375,86.22270202636719,86.97615814208984,86.96437072753906,86.96062469482422,86.95784759521484,86.95565795898438,86.95394134521484,86.95258331298828,86.9514389038086,86.95046997070312,86.9496078491211,86.94881439208984,86.94807434082031,86.94734954833984,86.9466781616211,74.0
376,86.22270202636719,86.97615814208984,86.96437072753906,86.96062469482422,86.95784759521484,86.95565795898438,86.95394134521484,86.95258331298828,86.9514389038086,86.95046997070312,86.9496078491211,86.94881439208984,86.94807434082031,86.94734954833984,86.9466781616211,54.0
377,86.22270202636719,86.97615814208984,86.96437072753906,86.96062469482422,86.95784759521484,86.95565795898438,86.95394134521484,86.95258331298828,86.9514389038086,86.95046997070312,86.9496078491211,86.94881439208984,86.94807434082031,86.94734954833984,86.9466781616211,34.0
378,86.22270202636719,86.97615814208984,86.96437072753906,86.96062469482422,86.95784759521484,86.95565795898438,86.95394134521484,86.95258331298828,86.9514389038086,86.95046997070312,86.9496078491211,86.94881439208984,86.94807434082031,86.94734954833984,86.9466781616211,14.0
379,86.22270202636719,86.97615814208984,86.96437072753906,86.96062469482422,86.95784759521484,86.95565795898438,86.95394134521484,86.95258331298828,86.9514389038086,86.95046997070312,86.9496078491211,86.94881439208984,86.94807434082031,86.94734954833984,86.9466781616211,150.0
380,86.76453399658203,87.45436096191406,87.44062805175781,87.4360580444336,87.43260192871094,87.42985534667969,87.42768859863281,87.42594146728516,87.42446899414062,87.4231948852539,87.42203521728516,87.42097473144531,87.41996765136719,87.41899108886719,87.4180679321289,150.0
381,86.76453399658203,87.45436096191406,87.44062805175781,87.4360580444336,87.43260192871094,87.42985534667969,87.42768859863281,87.42594146728516,87.42446899414062,87.4231948852539,87.42203521728516,87.42097473144531,87.41996765136719,87.41899108886719,87.4180679321289,150.0
382,86.76453399658203,87.45436096191406,87.44062805175781,87.4360580444336,87.43260192871094,87.42985534667969,87.42768859863281,87.42594146728516,87.42446899414062,87.4231948852539,87.42203521728516,87.42097473144531,87.41996765136719,87.41899108886719,87.4180679321289,135.0
383,86.76453399658203,87.45436096191406,87.44062805175781,87.4360580444336,87.43260192871094,87.42985534667969,87.42768859863281,87.42594146728516,87.42446899414062,87.4231948852539,87.42203521728516,87.42097473144531,87.41996765136719,87.41899108886719,87.4180679321289,115.0
384,86.76453399658203,87.45436096191406,87.44062805175781,87.4360580444336,87.43260192871094,87.42985534667969,87.42768859863281,87.42594146728516,87.42446899414062,87.4231948852539,87.42203521728516,87.42097473144531,87.41996765136719,87.41899108886719,87.4180679321289,95.0
385,86.76453399658203,87.45436096191406,87.44062805175781,87.4360580444336,87.43260192871094,87.42985534667969,87.42768859863281,87.42594146728516,87.42446899414062,87.4231948852539,87.42203521728516,87.42097473144531,87.41996765136719,87.41899108886719,87.4180679321289,75.0
386,86.76453399658203,87.45436096191406,87.44062805175781,87.4360580444336,87.43260192871094,87.42985534667969,87.42768859863281,87.42594146728516,87.42446899414062,87.4231948852539,87.42203521728516,87.42097473144531,87.41996765136719,87.41899108886719,87.4180679321289,55.0
387,86.76453399658203,87.45436096191406,87.44062805175781,87.4360580444336,87.43260192871094,87.42985534667969,87.42768859863281,87.42594146728516,87.42446899414062,87.4231948852539,87.42203521728516,87.42097473144531,87.41996765136719,87.41899108886719,87.4180679321289,35.0
388,86.76453399658203,87.45436096191406,87.44062805175781,87.4360580444336,87.43260192871094,87.42985534667969,87.42768859863281,87.42594146728516,87.42446899414062,87.4231948852539,87.42203521728516,87.42097473144531,87.41996765136719,87.41899108886719,87.4180679321289,15.0
389,86.76453399658203,87.45436096191406,87.44062805175781,87.4360580444336,87.43260192871094,87.42985534667969,87.42768859863281,87.42594146728516,87.42446899414062,87.4231948852539,87.42203521728516,87.42097473144531,87.41996765136719,87.41899108886719,87.4180679321289,150.0
390,87.39303588867188,88.0169677734375,88.00131225585938,87.99576568603516,87.99151611328125,87.9881362915039,87.98545837402344,87.98326110839844,87.98139953613281,87.97976684570312,87.97828674316406,87.97691345214844,87.97560119628906,87.9743423461914,87.97313690185547,150.0
391,87.39303588867188,88.0169677734375,88.00131225585938,87.99576568603516,87.99151611328125,87.9881362915039,87.98545837402344,87.98326110839844,87.98139953613281,87.97976684570312,87.97828674316406,87.97691345214844,87.97560119628906,87.9743423461914,87.97313690185547,138.0
392,87.39303588867188,88.0169677734375,88.00131225585938,87.99576568603516,87.99151611328125,87.9881362915039,87.98545837402344,87.98326110839844,87.98139953613281,87.97976684570312,87.97828674316406,87.97691345214844,87.97560119628906,87.9743423461914,87.97313690185547,118.0
393,87.39303588867188,88.0169677734375,88.00131225585938,87.99576568603516,87.99151611328125,87.9881362915039,87.98545837402344,87.98326110839844,87.98139953613281,87.97976684570312,87.97828674316406,87.97691345214844,87.97560119628906,87.9743423461914,87.97313690185547,98.0
394,87.39303588867188,88.0169677734375,88.00131225585938,87.99576568603516,87.99151611328125,87.9881362915039,87.98545837402344,87.98326110839844,87.98139953613281,87.97976684570312,87.97828674316406,87.97691345214844,87.97560119628906,87.9743423461914,87.97313690185547,78.0
395,87.39303588867188,88.0169677734375,88.00131225585938,87.99576568603516,87.99151611328125,87.9881362915039,87.98545837402344,87.98326110839844,87.98139953613281,87.97976684570312,87.97828674316406,87.97691345214844,87.97560119628906,87.9743423461914,87.97313690185547,58.0
396,87.39303588867188,88.0169677734375,88.00131225585938,87.99576568603516,87.99151611328125,87.9881362915039,87.98545837402344,87.98326110839844,87.98139953613281,87.97976684570312,87.97828674316406,87.97691345214844,87.97560119628906,87.9743423461914,87.97313690185547,38.0
397,87.39303588867188,88.0169677734375,88.00131225585938,87.99576568603516,87.99151611328125,87.9881362915039,87.98545837402344,87.98326110839844,87.98139953613281,87.97976684570312,87.97828674316406,87.97691345214844,87.97560119628906,87.9743423461914,87.97313690185547,18.0
398,87.39303588867188,88.0169677734375,88.00131225585938,87.99576568603516,87.99151611328125,87.9881362915039,87.98545837402344,87.98326110839844,87.98139953613281,87.97976684570312,87.97828674316406,87.97691345214844,87.97560119628906,87.9743423461914,87.97313690185547,150.0
399,87.39303588867188,88.0169677734375,88.00131225585938,87.99576568603516,87.99151611328125,87.9881362915039,87.98545837402344,87.98326110839844,87.98139953613281,87.97976684570312,87.97828674316406,87.97691345214844,87.97560119628906,87.9743423461914,87.97313690185547,150.0
400,88.12071228027344,88.67735290527344,88.65971374511719,88.65303039550781,88.64785766601562,88.64375305175781,88.64045715332031,88.63775634765625,88.63545227050781,88.6334228515625,88.6315689086914,88.62984466552734,88.62818908691406,88.62660217285156,88.62506866455078,150.0
401,88.12071228027344,88.67735290527344,88.65971374511719,88.65303039550781,88.64785766601562,88.64375305175781,88.64045715332031,88.63775634765625,88.63545227050781,88.6334228515625,88.6315689086914,88.62984466552734,88.62818908691406,88.62660217285156,88.62506866455078,133.0
402,88.12071228027344,88.67735290527344,88.65971374511719,88.65303039550781,88.64785766601562,88.64375305175781,88.64045715332031,88.63775634765625,88.63545227050781,88.6334228515625,88.6315689086914,88.62984466552734,88.62818908691406,88.62660217285156,88.62506866455078,113.0
403,88.12071228027344,88.67735290527344,88.65971374511719,88.65303039550781,88.64785766601562,88.64375305175781,88.64045715332031,88.63775634765625,88.63545227050781,88.6334228515625,88.6315689086914,88.62984466552734,88.62818908691406,88.62660217285156,88.62506866455078,93.0
404,88.12071228027344,88.67735290527344,88.65971374511719,88.65303039550781,88.64785766601562,88.64375305175781,88.64045715332031,88.63775634765625,88.63545227050781,88.6334228515625,88.6315689086914,88.62984466552734,88.62818908691406,88.62660217285156,88.62506866455078,73.0
405,88.12071228027344,88.67735290527344,88.65971374511719,88.65303039550781,88.64785766601562,88.64375305175781,88.64045715332031,88.63775634765625,88.63545227050781,88.6334228515625,88.6315689086914,88.62984466552734,88.62818908691406,88.62660217285156,88.62506866455078,53.0
406,88.12071228027344,88.67735290527344,88.65971374511719,88.65303039550781,88.64785766601562,88.64375305175781,88.64045715332031,88.63775634765625,88.63545227050781,88.6334228515625,88.6315689086914,88.62984466552734,88.62818908691406,88.62660217285156,88.62506866455078,33.0
407,88.12071228027344,88.67735290527344,88.65971374511719,88.65303039550781,88.64785766601562,88.64375305175781,88.64045715332031,88.63775634765625,88.63545227050781,88.6334228515625,88.6315689086914,88.62984466552734,88.62818908691406,88.62660217285156,88.62506866455078,13.0
408,88.12071228027344,88.67735290527344,88.65971374511719,88.65303039550781,88.64785766601562,88.64375305175781,88.64045715332031,88.63775634765625,88.63545227050781,88.6334228515625,88.6315689086914,88.62984466552734,88.62818908691406,88.62660217285156,88.62506866455078,150.0
409,88.12071228027344,88.67735290527344,88.65971374511719,88.65303039550781,88.64785766601562,88.64375305175781,88.64045715332031,88.63775634765625,88.63545227050781,88.6334228515625,88.6315689086914,88.62984466552734,88.62818908691406,88.62660217285156,88.62506866455078,150.0
410,88.88442993164062,89.37287139892578,89.35336303710938,89.34550476074219,89.33939361572266,89.33453369140625,89.33062744140625,89.32740783691406,89.32465362548828,89.32221984863281,89.31999206542969,89.31790161132812,89.31590270996094,89.31398010253906,89.31214141845703,150.0
411,88.88442993164062,89.37287139892578,89.35336303710938,89.34550476074219,89.33939361572266,89.33453369140625,89.33062744140625,89.32740783691406,89.32465362548828,89.32221984863281,89.31999206542969,89.31790161132812,89.31590270996094,89.31398010253906,89.31214141845703,133.0
412,88.88442993164062,89.37287139892578,89.35336303710938,89.34550476074219,89.33939361572266,89.33453369140625,89.33062744140625,89.32740783691406,89.32465362548828,89.32221984863281,89.31999206542969,89.31790161132812,89.31590270996094,89.31398010253906,89.31214141845703,113.0
413,88.88442993164062,89.37287139892578,89.35336303710938,89.34550476074219,89.33939361572266,89.33453369140625,89.33062744140625,89.32740783691406,89.32465362548828,89.32221984863281,89.31999206542969,89.31790161132812,89.31590270996094,89.31398010253906,89.31214141845703,93.0
414,88.88442993164062,89.37287139892578,89.35336303710938,89.34550476074219,89.33939361572266,89.33453369140625,89.33062744140625,89.32740783691406,89.32465362548828,89.32221984863281,89.31999206542969,89.31790161132812,89.31590270996094,89.31398010253906,89.31214141845703,73.0
415,88.88442993164062,89.37287139892578,89.35336303710938,89.34550476074219,89.33939361572266,89.33453369140625,89.33062744140625,89.32740783691406,89.32465362548828,89.32221984863281,89.31999206542969,89.31790161132812,89.31590270996094,89.31398010253906,89.31214141845703,53.0
416,88.88442993164062,89.37287139892578,89.35336303710938,89.34550476074219,89.33939361572266,89.33453369140625,89.33062744140625,89.32740783691406,89.32465362548828,89.32221984863281,89.31999206542969,89.31790161132812,89.31590270996094,89.31398010253906,89.31214141845703,33.0
417,88.88442993164062,89.37287139892578,89.35336303710938,89.34550476074219,89.33939361572266,89.33453369140625,89.33062744140625,89.32740783691406,89.32465362548828,89.32221984863281,89.31999206542969,89.31790161132812,89.31590270996094,89.31398010253906,89.31214141845703,13.0
418,88.88442993164062,89.37287139892578,89.35336303710938,89.34550476074219,89.33939361572266,89.33453369140625,89.33062744140625,89.32740783691406,89.32465362548828,89.32221984863281,89.31999206542969,89.31790161132812,89.31590270996094,89.31398010253906,89.31214141845703,150.0
419,88.88442993164062,89.37287139892578,89.35336303710938,89.34550476074219,89.33939361572266,89.33453369140625,89.33062744140625,89.32740783691406,89.32465362548828,89.32221984863281,89.31999206542969,89.31790161132812,89.31590270996094,89.31398010253906,89.31214141845703,150.0
420,89.67186737060547,90.09197235107422,90.07071685791016,90.06169128417969,90.05462646484375,90.04901123046875,90.04449462890625,90.040771484375,90.0375747680664,90.03473663330078,90.03215026855469,90.02970123291016,90.02737426757812,90.02513122558594,90.0229721069336,135.0
421,89.67186737060547,90.09197235107422,90.07071685791016,90.06169128417969,90.05462646484375,90.04901123046875,90.04449462890625,90.040771484375,90.0375747680664,90.03473663330078,90.03215026855469,90.02970123291016,90.02737426757812,90.02513122558594,90.0229721069336,115.0
422,89.67186737060547,90.09197235107422,90.07071685791016,90.06169128417969,90.05462646484375,90.04901123046875,90.04449462890625,90.040771484375,90.0375747680664,90.03473663330078,90.03215026855469,90.02970123291016,90.02737426757812,90.02513122558594,90.0229721069336,95.0
423,89.67186737060547,90.09197235107422,90.07071685791016,90.06169128417969,90.05462646484375,90.04901123046875,90.04449462890625,90.040771484375,90.0375747680664,90.03473663330078,90.03215026855469,90.02970123291016,90.02737426757812,90.02513122558594,90.0229721069336,75.0
424,89.67186737060547,90.09197235107422,90.07071685791016,90.06169128417969,90.05462646484375,90.04901123046875,90.04449462890625,90.040771484375,90.0375747680664,90.03473663330078,90.03215026855469,90.02970123291016,90.02737426757812,90.02513122558594,90.0229721069336,55.0
425,89.67186737060547,90.09197235107422,90.07071685791016,90.06169128417969,90.05462646484375,90.04901123046875,90.04449462890625,90.040771484375,90.0375747680664,90.03473663330078,90.03215026855469,90.02970123291016,90.02737426757812,90.02513122558594,90.0229721069336,35.0
426,89.67186737060547,90.09197235107422,90.07071685791016,90.06169128417969,90.05462646484375,90.04901123046875,90.04449462890625,90.040771484375,90.0375747680664,90.03473663330078,90.03215026855469,90.02970123291016,90.02737426757812,90.02513122558594,90.0229721069336,15.0
427,89.67186737060547,90.09197235107422,90.07071685791016,90.06169128417969,90.05462646484375,90.04901123046875,90.04449462890625,90.040771484375,90.0375747680664,90.03473663330078,90.03215026855469,90.02970123291016,90.02737426757812,90.02513122558594,90.0229721069336,150.0
428,89.67186737060547,90.09197235107422,90.07071685791016,90.06169128417969,90.05462646484375,90.04901123046875,90.04449462890625,90.040771484375,90.0375747680664,90.03473663330078,90.03215026855469,90.02970123291016,90.02737426757812,90.02513122558594,90.0229721069336,150.0
429,89.67186737060547,90.09197235107422,90.07071685791016,90.06169128417969,90.05462646484375,90.04901123046875,90.04449462890625,90.040771484375,90.0375747680664,90.03473663330078,90.03215026855469,90.02970123291016,90.02737426757812,90.02513122558594,90.0229721069336,150.0
430,90.49020385742188,90.84258270263672,90.81971740722656,90.80947875976562,90.80145263671875,90.79508972167969,90.78995513916016,90.78572082519531,90.7820816040039,90.77885437011719,90.77589416503906,90.77310180664062,90.77044677734375,90.76789855957031,90.76542663574219,150.0
431,90.49020385742188,90.84258270263672,90.81971740722656,90.80947875976562,90.80145263671875,90.79508972167969,90.78995513916016,90.78572082519531,90.7820816040039,90.77885437011719,90.77589416503906,90.77310180664062,90.77044677734375,90.76789855957031,90.76542663574219,150.0
432,90.49020385742188,90.84258270263672,90.81971740722656,90.80947875976562,90.80145263671875,90.79508972167969,90.78995513916016,90.78572082519531,90.7820816040039,90.77885437011719,90.77589416503906,90.77310180664062,90.77044677734375,90.76789855957031,90.76542663574219,137.0
433,90.49020385742188,90.84258270263672,90.81971740722656,90.80947875976562,90.80145263671875,90.79508972167969,90.78995513916016,90.78572082519531,90.7820816040039,90.77885437011719,90.77589416503906,90.77310180664062,90.77044677734375,90.76789855957031,90.76542663574219,117.0
434,90.49020385742188,90.84258270263672,90.81971740722656,90.80947875976562,90.80145263671875,90.79508972167969,90.78995513916016,90.78572082519531,90.7820816040039,90.77885437011719,90.77589416503906,90.77310180664062,90.77044677734375,90.76789855957031,90.76542663574219,97.0
435,90.49020385742188,90.84258270263672,90.81971740722656,90.80947875976562,90.80145263671875,90.79508972167969,90.78995513916016,90.78572082519531,90.7820816040039,90.77885437011719,90.77589416503906,90.77310180664062,90.77044677734375,90.76789855957031,90.76542663574219,77.0
436,90.49020385742188,90.84258270263672,90.81971740722656,90.80947875976562,90.80145263671875,90.79508972167969,90.78995513916016,90.78572082519531,90.7820816040039,90.77885437011719,90.77589416503906,90.77310180664062,90.77044677734375,90.76789855957031,90.76542663574219,57.0
437,90.49020385742188,90.84258270263672,90.81971740722656,90.80947875976562,90.80145263671875,90.79508972167969,90.78995513916016,90.78572082519531,90.7820816040039,90.77885437011719,90.77589416503906,90.77310180664062,90.77044677734375,90.76789855957031,90.76542663574219,150.0
438,90.49020385742188,90.84258270263672,90.81971740722656,90.80947875976562,90.80145263671875,90.79508972167969,90.78995513916016,90.78572082519531,90.7820816040039,90.77885437011719,90.77589416503906,90.77310180664062,90.77044677734375,90.76789855957031,90.76542663574219,150.0
439,90.49020385742188,90.84258270263672,90.81971740722656,90.80947875976562,90.80145263671875,90.79508972167969,90.78995513916016,90.78572082519531,90.7820816040039,90.77885437011719,90.77589416503906,90.77310180664062,90.77044677734375,90.76789855957031,90.76542663574219,133.0
440,91.65770721435547,91.94374084472656,91.91831970214844,91.90609741210938,91.89649963378906,91.888916015625,91.88279724121094,91.87774658203125,91.87342834472656,91.86958312988281,91.86607360839844,91.86276245117188,91.85960388183594,91.85655975341797,91.85362243652344,113.0
441,91.65770721435547,91.94374084472656,91.91831970214844,91.90609741210938,91.89649963378906,91.888916015625,91.88279724121094,91.87774658203125,91.87342834472656,91.86958312988281,91.86607360839844,91.86276245117188,91.85960388183594,91.85655975341797,91.85362243652344,93.0
442,91.65770721435547,91.94374084472656,91.91831970214844,91.90609741210938,91.89649963378906,91.888916015625,91.88279724121094,91.87774658203125,91.87342834472656,91.86958312988281,91.86607360839844,91.86276245117188,91.85960388183594,91.85655975341797,91.85362243652344,73.0
443,91.65770721435547,91.94374084472656,91.91831970214844,91.90609741210938,91.89649963378906,91.888916015625,91.88279724121094,91.87774658203125,91.87342834472656,91.86958312988281,91.86607360839844,91.86276245117188,91.85960388183594,91.85655975341797,91.85362243652344,53.0
444,91.65770721435547,91.94374084472656,91.91831970214844,91.90609741210938,91.89649963378906,91.888916015625,91.88279724121094,91.87774658203125,91.87342834472656,91.86958312988281,91.86607360839844,91.86276245117188,91.85960388183594,91.85655975341797,91.85362243652344,33.0
445,91.65770721435547,91.94374084472656,91.91831970214844,91.90609741210938,91.89649963378906,91.888916015625,91.88279724121094,91.87774658203125,91.87342834472656,91.86958312988281,91.86607360839844,91.86276245117188,91.85960388183594,91.85655975341797,91.85362243652344,13.0
446,91.65770721435547,91.94374084472656,91.91831970214844,91.90609741210938,91.89649963378906,91.888916015625,91.88279724121094,91.87774658203125,91.87342834472656,91.86958312988281,91.86607360839844,91.86276245117188,91.85960388183594,91.85655975341797,91.85362243652344,117.0
447,91.65770721435547,91.94374084472656,91.91831970214844,91.90609741210938,91.89649963378906,91.888916015625,91.88279724121094,91.87774658203125,91.87342834472656,91.86958312988281,91.86607360839844,91.86276245117188,91.85960388183594,91.85655975341797,91.85362243652344,97.0
448,91.65770721435547,91.94374084472656,91.91831970214844,91.90609741210938,91.89649963378906,91.888916015625,91.88279724121094,91.87774658203125,91.87342834472656,91.86958312988281,91.86607360839844,91.86276245117188,91.85960388183594,91.85655975341797,91.85362243652344,77.0
449,91.65770721435547,91.94374084472656,91.91831970214844,91.90609741210938,91.89649963378906,91.888916015625,91.88279724121094,91.87774658203125,91.87342834472656,91.86958312988281,91.86607360839844,91.86276245117188,91.85960388183594,91.85655975341797,91.85362243652344,57.0
450,92.4517593383789,92.67342376708984,92.64688110351562,92.6336441040039,92.62324523925781,92.61502838134766,92.60840606689453,92.60295104980469,92.59828186035156,92.59412384033203,92.59032440185547,92.58674621582031,92.58332061767578,92.58003234863281,92.57685852050781,37.0
451,92.4517593383789,92.67342376708984,92.64688110351562,92.6336441040039,92.62324523925781,92.61502838134766,92.60840606689453,92.60295104980469,92.59828186035156,92.59412384033203,92.59032440185547,92.58674621582031,92.58332061767578,92.58003234863281,92.57685852050781,17.0
452,92.4517593383789,92.67342376708984,92.64688110351562,92.6336441040039,92.62324523925781,92.61502838134766,92.60840606689453,92.60295104980469,92.59828186035156,92.59412384033203,92.59032440185547,92.58674621582031,92.58332061767578,92.58003234863281,92.57685852050781,127.0
453,92.4517593383789,92.67342376708984,92.64688110351562,92.6336441040039,92.62324523925781,92.61502838134766,92.60840606689453,92.60295104980469,92.59828186035156,92.59412384033203,92.59032440185547,92.58674621582031,92.58332061767578,92.58003234863281,92.57685852050781,107.0
454,92.4517593383789,92.67342376708984,92.64688110351562,92.6336441040039,92.62324523925781,92.61502838134766,92.60840606689453,92.60295104980469,92.59828186035156,92.59412384033203,92.59032440185547,92.58674621582031,92.58332061767578,92.58003234863281,92.57685852050781,87.0
455,92.4517593383789,92.67342376708984,92.64688110351562,92.6336441040039,92.62324523925781,92.61502838134766,92.60840606689453,92.60295104980469,92.59828186035156,92.59412384033203,92.59032440185547,92.58674621582031,92.58332061767578,92.58003234863281,92.57685852050781,67.0
456,92.4517593383789,92.67342376708984,92.64688110351562,92.6336441040039,92.62324523925781,92.61502838134766,92.60840606689453,92.60295104980469,92.59828186035156,92.59412384033203,92.59032440185547,92.58674621582031,92.58332061767578,92.58003234863281,92.57685852050781,47.0
457,92.4517593383789,92.67342376708984,92.64688110351562,92.6336441040039,92.62324523925781,92.61502838134766,92.60840606689453,92.60295104980469,92.59828186035156,92.59412384033203,92.59032440185547,92.58674621582031,92.58332061767578,92.58003234863281,92.57685852050781,27.0
458,92.4517593383789,92.67342376708984,92.64688110351562,92.6336441040039,92.62324523925781,92.61502838134766,92.60840606689453,92.60295104980469,92.59828186035156,92.59412384033203,92.59032440185547,92.58674621582031,92.58332061767578,92.58003234863281,92.57685852050781,7.0
459,92.4517593383789,92.67342376708984,92.64688110351562,92.6336441040039,92.62324523925781,92.61502838134766,92.60840606689453,92.60295104980469,92.59828186035156,92.59412384033203,92.59032440185547,92.58674621582031,92.58332061767578,92.58003234863281,92.57685852050781,150.0
460,92.81800079345703,92.97877502441406,92.9527816772461,92.93971252441406,92.92942810058594,92.9212875366211,92.91472625732422,92.90931701660156,92.90467834472656,92.90054321289062,92.89675903320312,92.8931884765625,92.88978576660156,92.88650512695312,92.88333129882812,150.0
461,92.81800079345703,92.97877502441406,92.9527816772461,92.93971252441406,92.92942810058594,92.9212875366211,92.91472625732422,92.90931701660156,92.90467834472656,92.90054321289062,92.89675903320312,92.8931884765625,92.88978576660156,92.88650512695312,92.88333129882812,150.0
462,92.81800079345703,92.97877502441406,92.9527816772461,92.93971252441406,92.92942810058594,92.9212875366211,92.91472625732422,92.90931701660156,92.90467834472656,92.90054321289062,92.89675903320312,92.8931884765625,92.88978576660156,92.88650512695312,92.88333129882812,150.0
463,92.81800079345703,92.97877502441406,92.9527816772461,92.93971252441406,92.92942810058594,92.9212875366211,92.91472625732422,92.90931701660156,92.90467834472656,92.90054321289062,92.89675903320312,92.8931884765625,92.88978576660156,92.88650512695312,92.88333129882812,131.0
464,92.81800079345703,92.97877502441406,92.9527816772461,92.93971252441406,92.92942810058594,92.9212875366211,92.91472625732422,92.90931701660156,92.90467834472656,92.90054321289062,92.89675903320312,92.8931884765625,92.88978576660156,92.88650512695312,92.88333129882812,111.0
465,92.81800079345703,92.97877502441406,92.9527816772461,92.93971252441406,92.92942810058594,92.9212875366211,92.91472625732422,92.90931701660156,92.90467834472656,92.90054321289062,92.89675903320312,92.8931884765625,92.88978576660156,92.88650512695312,92.88333129882812,91.0
466,92.81800079345703,92.97877502441406,92.9527816772461,92.93971252441406,92.92942810058594,92.9212875366211,92.91472625732422,92.90931701660156,92.90467834472656,92.90054321289062,92.89675903320312,92.8931884765625,92.88978576660156,92.88650512695312,92.88333129882812,71.0
467,92.81800079345703,92.97877502441406,92.9527816772461,92.93971252441406,92.92942810058594,92.9212875366211,92.91472625732422,92.90931701660156,92.90467834472656,92.90054321289062,92.89675903320312,92.8931884765625,92.88978576660156,92.88650512695312,92.88333129882812,51.0
468,92.81800079345703,92.97877502441406,92.9527816772461,92.93971252441406,92.92942810058594,92.9212875366211,92.91472625732422,92.90931701660156,92.90467834472656,92.90054321289062,92.89675903320312,92.8931884765625,92.88978576660156,92.88650512695312,92.88333129882812,31.0
469,92.81800079345703,92.97877502441406,92.9527816772461,92.93971252441406,92.92942810058594,92.9212875366211,92.91472625732422,92.90931701660156,92.90467834472656,92.90054321289062,92.89675903320312,92.8931884765625,92.88978576660156,92.88650512695312,92.88333129882812,150.0
470,93.36994934082031,93.47281646728516,93.4469223022461,93.43362426757812,93.42313385009766,93.41484069824219,93.40815734863281,93.40265655517578,93.3979263305664,93.39370727539062,93.38985443115234,93.38621520996094,93.38275146484375,93.37940979003906,93.37618255615234,132.0
471,93.36994934082031,93.47281646728516,93.4469223022461,93.43362426757812,93.42313385009766,93.41484069824219,93.40815734863281,93.40265655517578,93.3979263305664,93.39370727539062,93.38985443115234,93.38621520996094,93.38275146484375,93.37940979003906,93.37618255615234,112.0
472,93.36994934082031,93.47281646728516,93.4469223022461,93.43362426757812,93.42313385009766,93.41484069824219,93.40815734863281,93.40265655517578,93.3979263305664,93.39370727539062,93.38985443115234,93.38621520996094,93.38275146484375,93.37940979003906,93.37618255615234,92.0
473,93.36994934082031,93.47281646728516,93.4469223022461,93.43362426757812,93.42313385009766,93.41484069824219,93.40815734863281,93.40265655517578,93.3979263305664,93.39370727539062,93.38985443115234,93.38621520996094,93.38275146484375,93.37940979003906,93.37618255615234,72.0
474,93.36994934082031,93.47281646728516,93.4469223022461,93.43362426757812,93.42313385009766,93.41484069824219,93.40815734863281,93.40265655517578,93.3979263305664,93.39370727539062,93.38985443115234,93.38621520996094,93.38275146484375,93.37940979003906,93.37618255615234,52.0
475,93.36994934082031,93.47281646728516,93.4469223022461,93.43362426757812,93.42313385009766,93.41484069824219,93.40815734863281,93.40265655517578,93.3979263305664,93.39370727539062,93.38985443115234,93.38621520996094,93.38275146484375,93.37940979003906,93.37618255615234,32.0
476,93.36994934082031,93.47281646728516,93.4469223022461,93.43362426757812,93.42313385009766,93.41484069824219,93.40815734863281,93.40265655517578,93.3979263305664,93.39370727539062,93.38985443115234,93.38621520996094,93.38275146484375,93.37940979003906,93.37618255615234,12.0
477,93.36994934082031,93.47281646728516,93.4469223022461,93.43362426757812,93.42313385009766,93.41484069824219,93.40815734863281,93.40265655517578,93.3979263305664,93.39370727539062,93.38985443115234,93.38621520996094,93.38275146484375,93.37940979003906,93.37618255615234,150.0
478,93.36994934082031,93.47281646728516,93.4469223022461,93.43362426757812,93.42313385009766,93.41484069824219,93.40815734863281,93.40265655517578,93.3979263305664,93.39370727539062,93.38985443115234,93.38621520996094,93.38275146484375,93.37940979003906,93.37618255615234,145.0
479,93.36994934082031,93.47281646728516,93.4469223022461,93.43362426757812,93.42313385009766,93.41484069824219,93.40815734863281,93.40265655517578,93.3979263305664,93.39370727539062,93.38985443115234,93.38621520996094,93.38275146484375,93.37940979003906,93.37618255615234,125.0
480,93.85492706298828,93.90388488769531,93.87848663330078,93.86518859863281,93.85469055175781,93.84639739990234,93.8397216796875,93.83421325683594,93.82948303222656,93.82526397705078,93.82140350341797,93.81777954101562,93.81430053710938,93.81095123291016,93.80772399902344,105.0
481,93.85492706298828,93.90388488769531,93.87848663330078,93.86518859863281,93.85469055175781,93.84639739990234,93.8397216796875,93.83421325683594,93.82948303222656,93.82526397705078,93.82140350341797,93.81777954101562,93.81430053710938,93.81095123291016,93.80772399902344,85.0
482,93.85492706298828,93.90388488769531,93.87848663330078,93.86518859863281,93.85469055175781,93.84639739990234,93.8397216796875,93.83421325683594,93.82948303222656,93.82526397705078,93.82140350341797,93.81777954101562,93.81430053710938,93.81095123291016,93.80772399902344,65.0
483,93.85492706298828,93.90388488769531,93.87848663330078,93.86518859863281,93.85469055175781,93.84639739990234,93.8397216796875,93.83421325683594,93.82948303222656,93.82526397705078,93.82140350341797,93.81777954101562,93.81430053710938,93.81095123291016,93.80772399902344,45.0
484,93.85492706298828,93.90388488769531,93.87848663330078,93.86518859863281,93.85469055175781,93.84639739990234,93.8397216796875,93.83421325683594,93.82948303222656,93.82526397705078,93.82140350341797,93.81777954101562,93.81430053710938,93.81095123291016,93.80772399902344,25.0
485,93.85492706298828,93.90388488769531,93.87848663330078,93.86518859863281,93.85469055175781,93.84639739990234,93.8397216796875,93.83421325683594,93.82948303222656,93.82526397705078,93.82140350341797,93.81777954101562,93.81430053710938,93.81095123291016,93.80772399902344,5.0
486,93.85492706298828,93.90388488769531,93.87848663330078,93.86518859863281,93.85469055175781,93.84639739990234,93.8397216796875,93.83421325683594,93.82948303222656,93.82526397705078,93.82140350341797,93.81777954101562,93.81430053710938,93.81095123291016,93.80772399902344,150.0
487,93.85492706298828,93.90388488769531,93.87848663330078,93.86518859863281,93.85469055175781,93.84639739990234,93.8397216796875,93.83421325683594,93.82948303222656,93.82526397705078,93.82140350341797,93.81777954101562,93.81430053710938,93.81095123291016,93.80772399902344,140.0
488,93.85492706298828,93.90388488769531,93.87848663330078,93.86518859863281,93.85469055175781,93.84639739990234,93.8397216796875,93.83421325683594,93.82948303222656,93.82526397705078,93.82140350341797,93.81777954101562,93.81430053710938,93.81095123291016,93.80772399902344,120.0
489,93.85492706298828,93.90388488769531,93.87848663330078,93.86518859863281,93.85469055175781,93.84639739990234,93.8397216796875,93.83421325683594,93.82948303222656,93.82526397705078,93.82140350341797,93.81777954101562,93.81430053710938,93.81095123291016,93.80772399902344,100.0
490,94.15253448486328,94.15263366699219,94.12852478027344,94.11578369140625,94.10572814941406,94.09776306152344,94.09134674072266,94.08605194091797,94.08149719238281,94.07743835449219,94.07372283935547,94.07022094726562,94.0668716430664,94.06364440917969,94.06053161621094,80.0
491,94.15253448486328,94.15263366699219,94.12852478027344,94.11578369140625,94.10572814941406,94.09776306152344,94.09134674072266,94.08605194091797,94.08149719238281,94.07743835449219,94.07372283935547,94.07022094726562,94.0668716430664,94.06364440917969,94.06053161621094,60.0
492,94.15253448486328,94.15263366699219,94.12852478027344,94.11578369140625,94.10572814941406,94.09776306152344,94.09134674072266,94.08605194091797,94.08149719238281,94.07743835449219,94.07372283935547,94.07022094726562,94.0668716430664,94.06364440917969,94.06053161621094,40.0
493,94.15253448486328,94.15263366699219,94.12852478027344,94.11578369140625,94.10572814941406,94.09776306152344,94.09134674072266,94.08605194091797,94.08149719238281,94.07743835449219,94.07372283935547,94.07022094726562,94.0668716430664,94.06364440917969,94.06053161621094,20.0
494,94.15253448486328,94.15263366699219,94.12852478027344,94.11578369140625,94.10572814941406,94.09776306152344,94.09134674072266,94.08605194091797,94.08149719238281,94.07743835449219,94.07372283935547,94.07022094726562,94.0668716430664,94.06364440917969,94.06053161621094,0.0
495,94.15253448486328,94.15263366699219,94.12852478027344,94.11578369140625,94.10572814941406,94.09776306152344,94.09134674072266,94.08605194091797,94.08149719238281,94.07743835449219,94.07372283935547,94.07022094726562,94.0668716430664,94.06364440917969,94.06053161621094,150.0
496,94.15253448486328,94.15263366699219,94.12852478027344,94.11578369140625,94.10572814941406,94.09776306152344,94.09134674072266,94.08605194091797,94.08149719238281,94.07743835449219,94.07372283935547,94.07022094726562,94.0668716430664,94.06364440917969,94.06053161621094,134.0
497,94.15253448486328,94.15263366699219,94.12852478027344,94.11578369140625,94.10572814941406,94.09776306152344,94.09134674072266,94.08605194091797,94.08149719238281,94.07743835449219,94.07372283935547,94.07022094726562,94.0668716430664,94.06364440917969,94.06053161621094,114.0
498,94.15253448486328,94.15263366699219,94.12852478027344,94.11578369140625,94.10572814941406,94.09776306152344,94.09134674072266,94.08605194091797,94.08149719238281,94.07743835449219,94.07372283935547,94.07022094726562,94.0668716430664,94.06364440917969,94.06053161621094,94.0
499,94.15253448486328,94.15263366699219,94.12852478027344,94.11578369140625,94.10572814941406,94.09776306152344,94.09134674072266,94.08605194091797,94.08149719238281,94.07743835449219,94.07372283935547,94.07022094726562,94.0668716430664,94.06364440917969,94.06053161621094,74.0
500,94.17041015625,94.12762451171875,94.10591888427734,94.09452819824219,94.08551025390625,94.07835388183594,94.07256317138672,94.06777954101562,94.06365203857422,94.05996704101562,94.05659484863281,94.05339813232422,94.05033874511719,94.04740142822266,94.0445556640625,54.0
501,94.17041015625,94.12762451171875,94.10591888427734,94.09452819824219,94.08551025390625,94.07835388183594,94.07256317138672,94.06777954101562,94.06365203857422,94.05996704101562,94.05659484863281,94.05339813232422,94.05033874511719,94.04740142822266,94.0445556640625,34.0
502,94.17041015625,94.12762451171875,94.10591888427734,94.09452819824219,94.08551025390625,94.07835388183594,94.07256317138672,94.06777954101562,94.06365203857422,94.05996704101562,94.05659484863281,94.05339813232422,94.05033874511719,94.04740142822266,94.0445556640625,14.0
503,94.17041015625,94.12762451171875,94.10591888427734,94.09452819824219,94.08551025390625,94.07835388183594,94.07256317138672,94.06777954101562,94.06365203857422,94.05996704101562,94.05659484863281,94.05339813232422,94.05033874511719,94.04740142822266,94.0445556640625,150.0
504,94.17041015625,94.12762451171875,94.10591888427734,94.09452819824219,94.08551025390625,94.07835388183594,94.07256317138672,94.06777954101562,94.06365203857422,94.05996704101562,94.05659484863281,94.05339813232422,94.05033874511719,94.04740142822266,94.0445556640625,150.0
505,94.17041015625,94.12762451171875,94.10591888427734,94.09452819824219,94.08551025390625,94.07835388183594,94.07256317138672,94.06777954101562,94.06365203857422,94.05996704101562,94.05659484863281,94.05339813232422,94.05033874511719,94.04740142822266,94.0445556640625,150.0
506,94.17041015625,94.12762451171875,94.10591888427734,94.09452819824219,94.08551025390625,94.07835388183594,94.07256317138672,94.06777954101562,94.06365203857422,94.05996704101562,94.05659484863281,94.05339813232422,94.05033874511719,94.04740142822266,94.0445556640625,150.0
507,94.17041015625,94.12762451171875,94.10591888427734,94.09452819824219,94.08551025390625,94.07835388183594,94.07256317138672,94.06777954101562,94.06365203857422,94.05996704101562,94.05659484863281,94.05339813232422,94.05033874511719,94.04740142822266,94.0445556640625,150.0
508,94.17041015625,94.12762451171875,94.10591888427734,94.09452819824219,94.08551025390625,94.07835388183594,94.07256317138672,94.06777954101562,94.06365203857422,94.05996704101562,94.05659484863281,94.05339813232422,94.05033874511719,94.04740142822266,94.0445556640625,150.0
509,94.17041015625,94.12762451171875,94.10591888427734,94.09452819824219,94.08551025390625,94.07835388183594,94.07256317138672,94.06777954101562,94.06365203857422,94.05996704101562,94.05659484863281,94.05339813232422,94.05033874511719,94.04740142822266,94.0445556640625,143.0
510,94.47663879394531,94.3942642211914,94.37401580810547,94.36323547363281,94.35467529296875,94.34788513183594,94.34239959716797,94.33786010742188,94.33395385742188,94.3304443359375,94.32723236083984,94.3241958618164,94.3212890625,94.31849670410156,94.3157958984375,123.0
511,94.47663879394531,94.3942642211914,94.37401580810547,94.36323547363281,94.35467529296875,94.34788513183594,94.34239959716797,94.33786010742188,94.33395385742188,94.3304443359375,94.32723236083984,94.3241958618164,94.3212890625,94.31849670410156,94.3157958984375,103.0
512,94.47663879394531,94.3942642211914,94.37401580810547,94.36323547363281,94.35467529296875,94.34788513183594,94.34239959716797,94.33786010742188,94.33395385742188,94.3304443359375,94.32723236083984,94.3241958618164,94.3212890625,94.31849670410156,94.3157958984375,83.0
513,94.47663879394531,94.3942642211914,94.37401580810547,94.36323547363281,94.35467529296875,94.34788513183594,94.34239959716797,94.33786010742188,94.33395385742188,94.3304443359375,94.32723236083984,94.3241958618164,94.3212890625,94.31849670410156,94.3157958984375,133.0
514,94.47663879394531,94.3942642211914,94.37401580810547,94.36323547363281,94.35467529296875,94.34788513183594,94.34239959716797,94.33786010742188,94.33395385742188,94.3304443359375,94.32723236083984,94.3241958618164,94.3212890625,94.31849670410156,94.3157958984375,113.0
515,94.47663879394531,94.3942642211914,94.37401580810547,94.36323547363281,94.35467529296875,94.34788513183594,94.34239959716797,94.33786010742188,94.33395385742188,94.3304443359375,94.32723236083984,94.3241958618164,94.3212890625,94.31849670410156,94.3157958984375,93.0
516,94.47663879394531,94.3942642211914,94.37401580810547,94.36323547363281,94.35467529296875,94.34788513183594,94.34239959716797,94.33786010742188,94.33395385742188,94.3304443359375,94.32723236083984,94.3241958618164,94.3212890625,94.31849670410156,94.3157958984375,73.0
517,94.47663879394531,94.3942642211914,94.37401580810547,94.36323547363281,94.35467529296875,94.34788513183594,94.34239959716797,94.33786010742188,94.33395385742188,94.3304443359375,94.32723236083984,94.3241958618164,94.3212890625,94.31849670410156,94.3157958984375,53.0
518,94.47663879394531,94.3942642211914,94.37401580810547,94.36323547363281,94.35467529296875,94.34788513183594,94.34239959716797,94.33786010742188,94.33395385742188,94.3304443359375,94.32723236083984,94.3241958618164,94.3212890625,94.31849670410156,94.3157958984375,33.0
519,94.47663879394531,94.3942642211914,94.37401580810547,94.36323547363281,94.35467529296875,94.34788513183594,94.34239959716797,94.33786010742188,94.33395385742188,94.3304443359375,94.32723236083984,94.3241958618164,94.3212890625,94.31849670410156,94.3157958984375,13.0
520,94.57398223876953,94.45809936523438,94.44007110595703,94.43046569824219,94.42280578613281,94.41673278808594,94.41180419921875,94.40771484375,94.40419006347656,94.4010238647461,94.39811706542969,94.39537048339844,94.39273071289062,94.39019775390625,94.38774108886719,150.0
521,94.57398223876953,94.45809936523438,94.44007110595703,94.43046569824219,94.42280578613281,94.41673278808594,94.41180419921875,94.40771484375,94.40419006347656,94.4010238647461,94.39811706542969,94.39537048339844,94.39273071289062,94.39019775390625,94.38774108886719,150.0
522,94.57398223876953,94.45809936523438,94.44007110595703,94.43046569824219,94.42280578613281,94.41673278808594,94.41180419921875,94.40771484375,94.40419006347656,94.4010238647461,94.39811706542969,94.39537048339844,94.39273071289062,94.39019775390625,94.38774108886719,139.0
523,94.57398223876953,94.45809936523438,94.44007110595703,94.43046569824219,94.42280578613281,94.41673278808594,94.41180419921875,94.40771484375,94.40419006347656,94.4010238647461,94.39811706542969,94.39537048339844,94.39273071289062,94.39019775390625,94.38774108886719,119.0
524,94.57398223876953,94.45809936523438,94.44007110595703,94.43046569824219,94.42280578613281,94.41673278808594,94.41180419921875,94.40771484375,94.40419006347656,94.4010238647461,94.39811706542969,94.39537048339844,94.39273071289062,94.39019775390625,94.38774108886719,99.0
525,94.57398223876953,94.45809936523438,94.44007110595703,94.43046569824219,94.42280578613281,94.41673278808594,94.41180419921875,94.40771484375,94.40419006347656,94.4010238647461,94.39811706542969,94.39537048339844,94.39273071289062,94.39019775390625,94.38774108886719,79.0
526,94.57398223876953,94.45809936523438,94.44007110595703,94.43046569824219,94.42280578613281,94.41673278808594,94.41180419921875,94.40771484375,94.40419006347656,94.4010238647461,94.39811706542969,94.39537048339844,94.39273071289062,94.39019775390625,94.38774108886719,59.0
527,94.57398223876953,94.45809936523438,94.44007110595703,94.43046569824219,94.42280578613281,94.41673278808594,94.41180419921875,94.40771484375,94.40419006347656,94.4010238647461,94.39811706542969,94.39537048339844,94.39273071289062,94.39019775390625,94.38774108886719,39.0
528,94.57398223876953,94.45809936523438,94.44007110595703,94.43046569824219,94.42280578613281,94.41673278808594,94.41180419921875,94.40771484375,94.40419006347656,94.4010238647461,94.39811706542969,94.39537048339844,94.39273071289062,94.39019775390625,94.38774108886719,19.0
529,94.57398223876953,94.45809936523438,94.44007110595703,94.43046569824219,94.42280578613281,94.41673278808594,94.41180419921875,94.40771484375,94.40419006347656,94.4010238647461,94.39811706542969,94.39537048339844,94.39273071289062,94.39019775390625,94.38774108886719,117.0
530,94.69650268554688,94.55184936523438,94.53594970703125,94.52742767333984,94.5206298828125,94.51521301269531,94.51082611083984,94.50716400146484,94.50399780273438,94.50115966796875,94.49855041503906,94.49607849121094,94.49369812011719,94.49141693115234,94.48920440673828,97.0
531,94.69650268554688,94.55184936523438,94.53594970703125,94.52742767333984,94.5206298828125,94.51521301269531,94.51082611083984,94.50716400146484,94.50399780273438,94.50115966796875,94.49855041503906,94.49607849121094,94.49369812011719,94.49141693115234,94.48920440673828,77.0
532,94.69650268554688,94.55184936523438,94.53594970703125,94.52742767333984,94.5206298828125,94.51521301269531,94.51082611083984,94.50716400146484,94.50399780273438,94.50115966796875,94.49855041503906,94.49607849121094,94.49369812011719,94.49141693115234,94.48920440673828,57.0
533,94.69650268554688,94.55184936523438,94.53594970703125,94.52742767333984,94.5206298828125,94.51521301269531,94.51082611083984,94.50716400146484,94.50399780273438,94.50115966796875,94.49855041503906,94.49607849121094,94.49369812011719,94.49141693115234,94.48920440673828,37.0
534,94.69650268554688,94.55184936523438,94.53594970703125,94.52742767333984,94.5206298828125,94.51521301269531,94.51082611083984,94.50716400146484,94.50399780273438,94.50115966796875,94.49855041503906,94.49607849121094,94.49369812011719,94.49141693115234,94.48920440673828,17.0
535,94.69650268554688,94.55184936523438,94.53594970703125,94.52742767333984,94.5206298828125,94.51521301269531,94.51082611083984,94.50716400146484,94.50399780273438,94.50115966796875,94.49855041503906,94.49607849121094,94.49369812011719,94.49141693115234,94.48920440673828,150.0
536,94.69650268554688,94.55184936523438,94.53594970703125,94.52742767333984,94.5206298828125,94.51521301269531,94.51082611083984,94.50716400146484,94.50399780273438,94.50115966796875,94.49855041503906,94.49607849121094,94.49369812011719,94.49141693115234,94.48920440673828,150.0
537,94.69650268554688,94.55184936523438,94.53594970703125,94.52742767333984,94.5206298828125,94.51521301269531,94.51082611083984,94.50716400146484,94.50399780273438,94.50115966796875,94.49855041503906,94.49607849121094,94.49369812011719,94.49141693115234,94.48920440673828,148.0
538,94.69650268554688,94.55184936523438,94.53594970703125,94.52742767333984,94.5206298828125,94.51521301269531,94.51082611083984,94.50716400146484,94.50399780273438,94.50115966796875,94.49855041503906,94.49607849121094,94.49369812011719,94.49141693115234,94.48920440673828,128.0
539,94.69650268554688,94.55184936523438,94.53594970703125,94.52742767333984,94.5206298828125,94.51521301269531,94.51082611083984,94.50716400146484,94.50399780273438,94.50115966796875,94.49855041503906,94.49607849121094,94.49369812011719,94.49141693115234,94.48920440673828,108.0
540,94.83857727050781,94.66986083984375,94.65596771240234,94.64847564697266,94.64247131347656,94.63768005371094,94.6337890625,94.63053131103516,94.62772369384766,94.62519073486328,94.62286376953125,94.62065124511719,94.61852264404297,94.61648559570312,94.614501953125,88.0
541,94.83857727050781,94.66986083984375,94.65596771240234,94.64847564697266,94.64247131347656,94.63768005371094,94.6337890625,94.63053131103516,94.62772369384766,94.62519073486328,94.62286376953125,94.62065124511719,94.61852264404297,94.61648559570312,94.614501953125,68.0
542,94.83857727050781,94.66986083984375,94.65596771240234,94.64847564697266,94.64247131347656,94.63768005371094,94.6337890625,94.63053131103516,94.62772369384766,94.62519073486328,94.62286376953125,94.62065124511719,94.61852264404297,94.61648559570312,94.614501953125,48.0
543,94.83857727050781,94.66986083984375,94.65596771240234,94.64847564697266,94.64247131347656,94.63768005371094,94.6337890625,94.63053131103516,94.62772369384766,94.62519073486328,94.62286376953125,94.62065124511719,94.61852264404297,94.61648559570312,94.614501953125,28.0
544,94.83857727050781,94.66986083984375,94.65596771240234,94.64847564697266,94.64247131347656,94.63768005371094,94.6337890625,94.63053131103516,94.62772369384766,94.62519073486328,94.62286376953125,94.62065124511719,94.61852264404297,94.61648559570312,94.614501953125,8.0
545,94.83857727050781,94.66986083984375,94.65596771240234,94.64847564697266,94.64247131347656,94.63768005371094,94.6337890625,94.63053131103516,94.62772369384766,94.62519073486328,94.62286376953125,94.62065124511719,94.61852264404297,94.61648559570312,94.614501953125,150.0
546,94.83857727050781,94.66986083984375,94.65596771240234,94.64847564697266,94.64247131347656,94.63768005371094,94.6337890625,94.63053131103516,94.62772369384766,94.62519073486328,94.62286376953125,94.62065124511719,94.61852264404297,94.61648559570312,94.614501953125,150.0
547,94.83857727050781,94.66986083984375,94.65596771240234,94.64847564697266,94.64247131347656,94.63768005371094,94.6337890625,94.63053131103516,94.62772369384766,94.62519073486328,94.62286376953125,94.62065124511719,94.61852264404297,94.61648559570312,94.614501953125,150.0
548,94.83857727050781,94.66986083984375,94.65596771240234,94.64847564697266,94.64247131347656,94.63768005371094,94.6337890625,94.63053131103516,94.62772369384766,94.62519073486328,94.62286376953125,94.62065124511719,94.61852264404297,94.61648559570312,94.614501953125,133.0
549,94.83857727050781,94.66986083984375,94.65596771240234,94.64847564697266,94.64247131347656,94.63768005371094,94.6337890625,94.63053131103516,94.62772369384766,94.62519073486328,94.62286376953125,94.62065124511719,94.61852264404297,94.61648559570312,94.614501953125,113.0
550,94.94877624511719,94.7608642578125,94.74906158447266,94.74263000488281,94.73745727539062,94.73332214355469,94.72994995117188,94.72712707519531,94.72468566894531,94.72247314453125,94.72044372558594,94.71849822998047,94.7166519165039,94.71485900878906,94.71312713623047,93.0
551,94.94877624511719,94.7608642578125,94.74906158447266,94.74263000488281,94.73745727539062,94.73332214355469,94.72994995117188,94.72712707519531,94.72468566894531,94.72247314453125,94.72044372558594,94.71849822998047,94.7166519165039,94.71485900878906,94.71312713623047,73.0
552,94.94877624511719,94.7608642578125,94.74906158447266,94.74263000488281,94.73745727539062,94.73332214355469,94.72994995117188,94.72712707519531,94.72468566894531,94.72247314453125,94.72044372558594,94.71849822998047,94.7166519165039,94.71485900878906,94.71312713623047,53.0
553,94.94877624511719,94.7608642578125,94.74906158447266,94.74263000488281,94.73745727539062,94.73332214355469,94.72994995117188,94.72712707519531,94.72468566894531,94.72247314453125,94.72044372558594,94.71849822998047,94.7166519165039,94.71485900878906,94.71312713623047,33.0
554,94.94877624511719,94.7608642578125,94.74906158447266,94.74263000488281,94.73745727539062,94.73332214355469,94.72994995117188,94.72712707519531,94.72468566894531,94.72247314453125,94.72044372558594,94.71849822998047,94.7166519165039,94.71485900878906,94.71312713623047,13.0
555,94.94877624511719,94.7608642578125,94.74906158447266,94.74263000488281,94.73745727539062,94.73332214355469,94.72994995117188,94.72712707519531,94.72468566894531,94.72247314453125,94.72044372558594,94.71849822998047,94.7166519165039,94.71485900878906,94.71312713623047,150.0
556,94.94877624511719,94.7608642578125,94.74906158447266,94.74263000488281,94.73745727539062,94.73332214355469,94.72994995117188,94.72712707519531,94.72468566894531,94.72247314453125,94.72044372558594,94.71849822998047,94.7166519165039,94.71485900878906,94.71312713623047,150.0
557,94.94877624511719,94.7608642578125,94.74906158447266,94.74263000488281,94.73745727539062,94.73332214355469,94.72994995117188,94.72712707519531,94.72468566894531,94.72247314453125,94.72044372558594,94.71849822998047,94.7166519165039,94.71485900878906,94.71312713623047,150.0
558,94.94877624511719,94.7608642578125,94.74906158447266,94.74263000488281,94.73745727539062,94.73332214355469,94.72994995117188,94.72712707519531,94.72468566894531,94.72247314453125,94.72044372558594,94.71849822998047,94.7166519165039,94.71485900878906,94.71312713623047,133.0
559,94.94877624511719,94.7608642578125,94.74906158447266,94.74263000488281,94.73745727539062,94.73332214355469,94.72994995117188,94.72712707519531,94.72468566894531,94.72247314453125,94.72044372558594,94.71849822998047,94.7166519165039,94.71485900878906,94.71312713623047,113.0
560,95.06468200683594,94.862060546875,94.85223388671875,94.8468017578125,94.8424072265625,94.83889770507812,94.83602142333984,94.83360290527344,94.83151245117188,94.8296127319336,94.8278579711914,94.82618713378906,94.8245849609375,94.82304382324219,94.82154846191406,93.0
561,95.06468200683594,94.862060546875,94.85223388671875,94.8468017578125,94.8424072265625,94.83889770507812,94.83602142333984,94.83360290527344,94.83151245117188,94.8296127319336,94.8278579711914,94.82618713378906,94.8245849609375,94.82304382324219,94.82154846191406,73.0
562,95.06468200683594,94.862060546875,94.85223388671875,94.8468017578125,94.8424072265625,94.83889770507812,94.83602142333984,94.83360290527344,94.83151245117188,94.8296127319336,94.8278579711914,94.82618713378906,94.8245849609375,94.82304382324219,94.82154846191406,53.0
563,95.06468200683594,94.862060546875,94.85223388671875,94.8468017578125,94.8424072265625,94.83889770507812,94.83602142333984,94.83360290527344,94.83151245117188,94.8296127319336,94.8278579711914,94.82618713378906,94.8245849609375,94.82304382324219,94.82154846191406,33.0
564,95.06468200683594,94.862060546875,94.85223388671875,94.8468017578125,94.8424072265625,94.83889770507812,94.83602142333984,94.83360290527344,94.83151245117188,94.8296127319336,94.8278579711914,94.82618713378906,94.8245849609375,94.82304382324219,94.82154846191406,13.0
565,95.06468200683594,94.862060546875,94.85223388671875,94.8468017578125,94.8424072265625,94.83889770507812,94.83602142333984,94.83360290527344,94.83151245117188,94.8296127319336,94.8278579711914,94.82618713378906,94.8245849609375,94.82304382324219,94.82154846191406,146.0
566,95.06468200683594,94.862060546875,94.85223388671875,94.8468017578125,94.8424072265625,94.83889770507812,94.83602142333984,94.83360290527344,94.83151245117188,94.8296127319336,94.8278579711914,94.82618713378906,94.8245849609375,94.82304382324219,94.82154846191406,126.0
567,95.06468200683594,94.862060546875,94.85223388671875,94.8468017578125,94.8424072265625,94.83889770507812,94.83602142333984,94.83360290527344,94.83151245117188,94.8296127319336,94.8278579711914,94.82618713378906,94.8245849609375,94.82304382324219,94.82154846191406,106.0
568,95.06468200683594,94.862060546875,94.85223388671875,94.8468017578125,94.8424072265625,94.83889770507812,94.83602142333984,94.83360290527344,94.83151245117188,94.8296127319336,94.8278579711914,94.82618713378906,94.8245849609375,94.82304382324219,94.82154846191406,86.0
569,95.06468200683594,94.862060546875,94.85223388671875,94.8468017578125,94.8424072265625,94.83889770507812,94.83602142333984,94.83360290527344,94.83151245117188,94.8296127319336,94.8278579711914,94.82618713378906,94.8245849609375,94.82304382324219,94.82154846191406,66.0
570,94.94415283203125,94.73284149169922,94.72569274902344,94.72181701660156,94.71861267089844,94.71604919433594,94.71392059326172,94.71212005615234,94.71054077148438,94.70909118652344,94.70774841308594,94.70646667480469,94.70523834228516,94.70403289794922,94.70287322998047,46.0
571,94.94415283203125,94.73284149169922,94.72569274902344,94.72181701660156,94.71861267089844,94.71604919433594,94.71392059326172,94.71212005615234,94.71054077148438,94.70909118652344,94.70774841308594,94.70646667480469,94.70523834228516,94.70403289794922,94.70287322998047,26.0
572,94.94415283203125,94.73284149169922,94.72569274902344,94.72181701660156,94.71861267089844,94.71604919433594,94.71392059326172,94.71212005615234,94.71054077148438,94.70909118652344,94.70774841308594,94.70646667480469,94.70523834228516,94.70403289794922,94.70287322998047,6.0
573,94.94415283203125,94.73284149169922,94.72569274902344,94.72181701660156,94.71861267089844,94.71604919433594,94.71392059326172,94.71212005615234,94.71054077148438,94.70909118652344,94.70774841308594,94.70646667480469,94.70523834228516,94.70403289794922,94.70287322998047,150.0
574,94.94415283203125,94.73284149169922,94.72569274902344,94.72181701660156,94.71861267089844,94.71604919433594,94.71392059326172,94.71212005615234,94.71054077148438,94.70909118652344,94.70774841308594,94.70646667480469,94.70523834228516,94.70403289794922,94.70287322998047,150.0
575,94.94415283203125,94.73284149169922,94.72569274902344,94.72181701660156,94.71861267089844,94.71604919433594,94.71392059326172,94.71212005615234,94.71054077148438,94.70909118652344,94.70774841308594,94.70646667480469,94.70523834228516,94.70403289794922,94.70287322998047,150.0
576,94.94415283203125,94.73284149169922,94.72569274902344,94.72181701660156,94.71861267089844,94.71604919433594,94.71392059326172,94.71212005615234,94.71054077148438,94.70909118652344,94.70774841308594,94.70646667480469,94.70523834228516,94.70403289794922,94.70287322998047,149.0
577,94.94415283203125,94.73284149169922,94.72569274902344,94.72181701660156,94.71861267089844,94.71604919433594,94.71392059326172,94.71212005615234,94.71054077148438,94.70909118652344,94.70774841308594,94.70646667480469,94.70523834228516,94.70403289794922,94.70287322998047,129.0
578,94.94415283203125,94.73284149169922,94.72569274902344,94.72181701660156,94.71861267089844,94.71604919433594,94.71392059326172,94.71212005615234,94.71054077148438,94.70909118652344,94.70774841308594,94.70646667480469,94.70523834228516,94.70403289794922,94.70287322998047,109.0
579,94.94415283203125,94.73284149169922,94.72569274902344,94.72181701660156,94.71861267089844,94.71604919433594,94.71392059326172,94.71212005615234,94.71054077148438,94.70909118652344,94.70774841308594,94.70646667480469,94.70523834228516,94.70403289794922,94.70287322998047,89.0
580,94.9144287109375,94.69775390625,94.69282531738281,94.69019317626953,94.6879653930664,94.68616485595703,94.68463897705078,94.68333435058594,94.68217468261719,94.68110656738281,94.68010711669922,94.67913818359375,94.67820739746094,94.67730712890625,94.67643737792969,69.0
581,94.9144287109375,94.69775390625,94.69282531738281,94.69019317626953,94.6879653930664,94.68616485595703,94.68463897705078,94.68333435058594,94.68217468261719,94.68110656738281,94.68010711669922,94.67913818359375,94.67820739746094,94.67730712890625,94.67643737792969,49.0
582,94.9144287109375,94.69775390625,94.69282531738281,94.69019317626953,94.6879653930664,94.68616485595703,94.68463897705078,94.68333435058594,94.68217468261719,94.68110656738281,94.68010711669922,94.67913818359375,94.67820739746094,94.67730712890625,94.67643737792969,29.0
583,94.9144287109375,94.69775390625,94.69282531738281,94.69019317626953,94.6879653930664,94.68616485595703,94.68463897705078,94.68333435058594,94.68217468261719,94.68110656738281,94.68010711669922,94.67913818359375,94.67820739746094,94.67730712890625,94.67643737792969,150.0
584,94.9144287109375,94.69775390625,94.69282531738281,94.69019317626953,94.6879653930664,94.68616485595703,94.68463897705078,94.68333435058594,94.68217468261719,94.68110656738281,94.68010711669922,94.67913818359375,94.67820739746094,94.67730712890625,94.67643737792969,150.0
585,94.9144287109375,94.69775390625,94.69282531738281,94.69019317626953,94.6879653930664,94.68616485595703,94.68463897705078,94.68333435058594,94.68217468261719,94.68110656738281,94.68010711669922,94.67913818359375,94.67820739746094,94.67730712890625,94.67643737792969,150.0
586,94.9144287109375,94.69775390625,94.69282531738281,94.69019317626953,94.6879653930664,94.68616485595703,94.68463897705078,94.68333435058594,94.68217468261719,94.68110656738281,94.68010711669922,94.67913818359375,94.67820739746094,94.67730712890625,94.67643737792969,130.0
587,94.9144287109375,94.69775390625,94.69282531738281,94.69019317626953,94.6879653930664,94.68616485595703,94.68463897705078,94.68333435058594,94.68217468261719,94.68110656738281,94.68010711669922,94.67913818359375,94.67820739746094,94.67730712890625,94.67643737792969,110.0
588,94.9144287109375,94.69775390625,94.69282531738281,94.69019317626953,94.6879653930664,94.68616485595703,94.68463897705078,94.68333435058594,94.68217468261719,94.68110656738281,94.68010711669922,94.67913818359375,94.67820739746094,94.67730712890625,94.67643737792969,90.0
589,94.9144287109375,94.69775390625,94.69282531738281,94.69019317626953,94.6879653930664,94.68616485595703,94.68463897705078,94.68333435058594,94.68217468261719,94.68110656738281,94.68010711669922,94.67913818359375,94.67820739746094,94.67730712890625,94.67643737792969,70.0
590,94.95677185058594,94.73783111572266,94.73474884033203,94.73309326171875,94.73162841796875,94.73043060302734,94.7293930053711,94.72848510742188,94.7276611328125,94.72689819335938,94.72618103027344,94.72547912597656,94.72479248046875,94.72412872314453,94.72349548339844,50.0
591,94.95677185058594,94.73783111572266,94.73474884033203,94.73309326171875,94.73162841796875,94.73043060302734,94.7293930053711,94.72848510742188,94.7276611328125,94.72689819335938,94.72618103027344,94.72547912597656,94.72479248046875,94.72412872314453,94.72349548339844,30.0
592,94.95677185058594,94.73783111572266,94.73474884033203,94.73309326171875,94.73162841796875,94.73043060302734,94.7293930053711,94.72848510742188,94.7276611328125,94.72689819335938,94.72618103027344,94.72547912597656,94.72479248046875,94.72412872314453,94.72349548339844,10.0
593,94.95677185058594,94.73783111572266,94.73474884033203,94.73309326171875,94.73162841796875,94.73043060302734,94.7293930053711,94.72848510742188,94.7276611328125,94.72689819335938,94.72618103027344,94.72547912597656,94.72479248046875,94.72412872314453,94.72349548339844,134.0
594,94.95677185058594,94.73783111572266,94.73474884033203,94.73309326171875,94.73162841796875,94.73043060302734,94.7293930053711,94.72848510742188,94.7276611328125,94.72689819335938,94.72618103027344,94.72547912597656,94.72479248046875,94.72412872314453,94.72349548339844,114.0
595,94.95677185058594,94.73783111572266,94.73474884033203,94.73309326171875,94.73162841796875,94.73043060302734,94.7293930053711,94.72848510742188,94.7276611328125,94.72689819335938,94.72618103027344,94.72547912597656,94.72479248046875,94.72412872314453,94.72349548339844,94.0
596,94.95677185058594,94.73783111572266,94.73474884033203,94.73309326171875,94.73162841796875,94.73043060302734,94.7293930053711,94.72848510742188,94.7276611328125,94.72689819335938,94.72618103027344,94.72547912597656,94.72479248046875,94.72412872314453,94.72349548339844,74.0
597,94.95677185058594,94.73783111572266,94.73474884033203,94.73309326171875,94.73162841796875,94.73043060302734,94.7293930053711,94.72848510742188,94.7276611328125,94.72689819335938,94.72618103027344,94.72547912597656,94.72479248046875,94.72412872314453,94.72349548339844,54.0
598,94.95677185058594,94.73783111572266,94.73474884033203,94.73309326171875,94.73162841796875,94.73043060302734,94.7293930053711,94.72848510742188,94.7276611328125,94.72689819335938,94.72618103027344,94.72547912597656,94.72479248046875,94.72412872314453,94.72349548339844,34.0
599,94.95677185058594,94.73783111572266,94.73474884033203,94.73309326171875,94.73162841796875,94.73043060302734,94.7293930053711,94.72848510742188,94.7276611328125,94.72689819335938,94.72618103027344,94.72547912597656,94.72479248046875,94.72412872314453,94.72349548339844,14.0
600,94.50279235839844,94.28861999511719,94.28881072998047,94.28926849365234,94.28945922851562,94.28954315185547,94.28952026367188,94.2894287109375,94.28929138183594,94.28912353515625,94.28894805908203,94.28874206542969,94.28855895996094,94.28836059570312,94.28816223144531,150.0
601,94.50279235839844,94.28861999511719,94.28881072998047,94.28926849365234,94.28945922851562,94.28954315185547,94.28952026367188,94.2894287109375,94.28929138183594,94.28912353515625,94.28894805908203,94.28874206542969,94.28855895996094,94.28836059570312,94.28816223144531,150.0
602,94.50279235839844,94.28861999511719,94.28881072998047,94.28926849365234,94.28945922851562,94.28954315185547,94.28952026367188,94.2894287109375,94.28929138183594,94.28912353515625,94.28894805908203,94.28874206542969,94.28855895996094,94.28836059570312,94.28816223144531,150.0
603,94.50279235839844,94.28861999511719,94.28881072998047,94.28926849365234,94.28945922851562,94.28954315185547,94.28952026367188,94.2894287109375,94.28929138183594,94.28912353515625,94.28894805908203,94.28874206542969,94.28855895996094,94.28836059570312,94.28816223144531,150.0
604,94.50279235839844,94.28861999511719,94.28881072998047,94.28926849365234,94.28945922851562,94.28954315185547,94.28952026367188,94.2894287109375,94.28929138183594,94.28912353515625,94.28894805908203,94.28874206542969,94.28855895996094,94.28836059570312,94.28816223144531,131.0
605,94.50279235839844,94.28861999511719,94.28881072998047,94.28926849365234,94.28945922851562,94.28954315185547,94.28952026367188,94.2894287109375,94.28929138183594,94.28912353515625,94.28894805908203,94.28874206542969,94.28855895996094,94.28836059570312,94.28816223144531,111.0
606,94.50279235839844,94.28861999511719,94.28881072998047,94.28926849365234,94.28945922851562,94.28954315185547,94.28952026367188,94.2894287109375,94.28929138183594,94.28912353515625,94.28894805908203,94.28874206542969,94.28855895996094,94.28836059570312,94.28816223144531,91.0
607,94.50279235839844,94.28861999511719,94.28881072998047,94.28926849365234,94.28945922851562,94.28954315185547,94.28952026367188,94.2894287109375,94.28929138183594,94.28912353515625,94.28894805908203,94.28874206542969,94.28855895996094,94.28836059570312,94.28816223144531,71.0
608,94.50279235839844,94.28861999511719,94.28881072998047,94.28926849365234,94.28945922851562,94.28954315185547,94.28952026367188,94.2894287109375,94.28929138183594,94.28912353515625,94.28894805908203,94.28874206542969,94.28855895996094,94.28836059570312,94.28816223144531,51.0
609,94.50279235839844,94.28861999511719,94.28881072998047,94.28926849365234,94.28945922851562,94.28954315185547,94.28952026367188,94.2894287109375,94.28929138183594,94.28912353515625,94.28894805908203,94.28874206542969,94.28855895996094,94.28836059570312,94.28816223144531,31.0
610,94.29708099365234,94.08872985839844,94.09120178222656,94.0930404663086,94.09431457519531,94.09524536132812,94.09590148925781,94.09635925292969,94.09669494628906,94.096923828125,94.09712219238281,94.09727478027344,94.097412109375,94.0975341796875,94.09764862060547,150.0
611,94.29708099365234,94.08872985839844,94.09120178222656,94.0930404663086,94.09431457519531,94.09524536132812,94.09590148925781,94.09635925292969,94.09669494628906,94.096923828125,94.09712219238281,94.09727478027344,94.097412109375,94.0975341796875,94.09764862060547,150.0
612,94.29708099365234,94.08872985839844,94.09120178222656,94.0930404663086,94.09431457519531,94.09524536132812,94.09590148925781,94.09635925292969,94.09669494628906,94.096923828125,94.09712219238281,94.09727478027344,94.097412109375,94.0975341796875,94.09764862060547,139.0
613,94.29708099365234,94.08872985839844,94.09120178222656,94.0930404663086,94.09431457519531,94.09524536132812,94.09590148925781,94.09635925292969,94.09669494628906,94.096923828125,94.09712219238281,94.09727478027344,94.097412109375,94.0975341796875,94.09764862060547,119.0
614,94.29708099365234,94.08872985839844,94.09120178222656,94.0930404663086,94.09431457519531,94.09524536132812,94.09590148925781,94.09635925292969,94.09669494628906,94.096923828125,94.09712219238281,94.09727478027344,94.097412109375,94.0975341796875,94.09764862060547,99.0
615,94.29708099365234,94.08872985839844,94.09120178222656,94.0930404663086,94.09431457519531,94.09524536132812,94.09590148925781,94.09635925292969,94.09669494628906,94.096923828125,94.09712219238281,94.09727478027344,94.097412109375,94.0975341796875,94.09764862060547,79.0
616,94.29708099365234,94.08872985839844,94.09120178222656,94.0930404663086,94.09431457519531,94.09524536132812,94.09590148925781,94.09635925292969,94.09669494628906,94.096923828125,94.09712219238281,94.09727478027344,94.097412109375,94.0975341796875,94.09764862060547,59.0
617,94.29708099365234,94.08872985839844,94.09120178222656,94.0930404663086,94.09431457519531,94.09524536132812,94.09590148925781,94.09635925292969,94.09669494628906,94.096923828125,94.09712219238281,94.09727478027344,94.097412109375,94.0975341796875,94.09764862060547,39.0
618,94.29708099365234,94.08872985839844,94.09120178222656,94.0930404663086,94.09431457519531,94.09524536132812,94.09590148925781,94.09635925292969,94.09669494628906,94.096923828125,94.09712219238281,94.09727478027344,94.097412109375,94.0975341796875,94.09764862060547,19.0
619,94.29708099365234,94.08872985839844,94.09120178222656,94.0930404663086,94.09431457519531,94.09524536132812,94.09590148925781,94.09635925292969,94.09669494628906,94.096923828125,94.09712219238281,94.09727478027344,94.097412109375,94.0975341796875,94.09764862060547,150.0
620,94.19792175292969,93.99713134765625,94.0013427734375,94.00418853759766,94.00625610351562,94.0078125,94.00895690917969,94.00981140136719,94.010498046875,94.01103973388672,94.01152038574219,94.0119400024414,94.0123291015625,94.0126953125,94.01304626464844,145.0
621,94.19792175292969,93.99713134765625,94.0013427734375,94.00418853759766,94.00625610351562,94.0078125,94.00895690917969,94.00981140136719,94.010498046875,94.01103973388672,94.01152038574219,94.0119400024414,94.0123291015625,94.0126953125,94.01304626464844,125.0
622,94.19792175292969,93.99713134765625,94.0013427734375,94.00418853759766,94.00625610351562,94.0078125,94.00895690917969,94.00981140136719,94.010498046875,94.01103973388672,94.01152038574219,94.0119400024414,94.0123291015625,94.0126953125,94.01304626464844,105.0
623,94.19792175292969,93.99713134765625,94.0013427734375,94.00418853759766,94.00625610351562,94.0078125,94.00895690917969,94.00981140136719,94.010498046875,94.01103973388672,94.01152038574219,94.0119400024414,94.0123291015625,94.0126953125,94.01304626464844,85.0
624,94.19792175292969,93.99713134765625,94.0013427734375,94.00418853759766,94.00625610351562,94.0078125,94.00895690917969,94.00981140136719,94.010498046875,94.01103973388672,94.01152038574219,94.0119400024414,94.0123291015625,94.0126953125,94.01304626464844,65.0
625,94.19792175292969,93.99713134765625,94.0013427734375,94.00418853759766,94.00625610351562,94.0078125,94.00895690917969,94.00981140136719,94.010498046875,94.01103973388672,94.01152038574219,94.0119400024414,94.0123291015625,94.0126953125,94.01304626464844,45.0
626,94.19792175292969,93.99713134765625,94.0013427734375,94.00418853759766,94.00625610351562,94.0078125,94.00895690917969,94.00981140136719,94.010498046875,94.01103973388672,94.01152038574219,94.0119400024414,94.0123291015625,94.0126953125,94.01304626464844,25.0
627,94.19792175292969,93.99713134765625,94.0013427734375,94.00418853759766,94.00625610351562,94.0078125,94.00895690917969,94.00981140136719,94.010498046875,94.01103973388672,94.01152038574219,94.0119400024414,94.0123291015625,94.0126953125,94.01304626464844,5.0
628,94.19792175292969,93.99713134765625,94.0013427734375,94.00418853759766,94.00625610351562,94.0078125,94.00895690917969,94.00981140136719,94.010498046875,94.01103973388672,94.01152038574219,94.0119400024414,94.0123291015625,94.0126953125,94.01304626464844,150.0
629,94.19792175292969,93.99713134765625,94.0013427734375,94.00418853759766,94.00625610351562,94.0078125,94.00895690917969,94.00981140136719,94.010498046875,94.01103973388672,94.01152038574219,94.0119400024414,94.0123291015625,94.0126953125,94.01304626464844,150.0
630,94.04872131347656,93.85800170898438,93.86388397216797,93.86773681640625,93.87059020996094,93.87275695800781,93.8743896484375,93.87566375732422,93.8766860961914,93.87753295898438,93.8782958984375,93.87896728515625,93.87960815429688,93.88021850585938,93.88079833984375,150.0
631,94.04872131347656,93.85800170898438,93.86388397216797,93.86773681640625,93.87059020996094,93.87275695800781,93.8743896484375,93.87566375732422,93.8766860961914,93.87753295898438,93.8782958984375,93.87896728515625,93.87960815429688,93.88021850585938,93.88079833984375,134.0
632,94.04872131347656,93.85800170898438,93.86388397216797,93.86773681640625,93.87059020996094,93.87275695800781,93.8743896484375,93.87566375732422,93.8766860961914,93.87753295898438,93.8782958984375,93.87896728515625,93.87960815429688,93.88021850585938,93.88079833984375,114.0
633,94.04872131347656,93.85800170898438,93.86388397216797,93.86773681640625,93.87059020996094,93.87275695800781,93.8743896484375,93.87566375732422,93.8766860961914,93.87753295898438,93.8782958984375,93.87896728515625,93.87960815429688,93.88021850585938,93.88079833984375,94.0
634,94.04872131347656,93.85800170898438,93.86388397216797,93.86773681640625,93.87059020996094,93.87275695800781,93.8743896484375,93.87566375732422,93.8766860961914,93.87753295898438,93.8782958984375,93.87896728515625,93.87960815429688,93.88021850585938,93.88079833984375,74.0
635,94.04872131347656,93.85800170898438,93.86388397216797,93.86773681640625,93.87059020996094,93.87275695800781,93.8743896484375,93.87566375732422,93.8766860961914,93.87753295898438,93.8782958984375,93.87896728515625,93.87960815429688,93.88021850585938,93.88079833984375,54.0
636,94.04872131347656,93.85800170898438,93.86388397216797,93.86773681640625,93.87059020996094,93.87275695800781,93.8743896484375,93.87566375732422,93.8766860961914,93.87753295898438,93.8782958984375,93.87896728515625,93.87960815429688,93.88021850585938,93.88079833984375,34.0
637,94.04872131347656,93.85800170898438,93.86388397216797,93.86773681640625,93.87059020996094,93.87275695800781,93.8743896484375,93.87566375732422,93.8766860961914,93.87753295898438,93.8782958984375,93.87896728515625,93.87960815429688,93.88021850585938,93.88079833984375,14.0
638,94.04872131347656,93.85800170898438,93.86388397216797,93.86773681640625,93.87059020996094,93.87275695800781,93.8743896484375,93.87566375732422,93.8766860961914,93.87753295898438,93.8782958984375,93.87896728515625,93.87960815429688,93.88021850585938,93.88079833984375,150.0
639,94.04872131347656,93.85800170898438,93.86388397216797,93.86773681640625,93.87059020996094,93.87275695800781,93.8743896484375,93.87566375732422,93.8766860961914,93.87753295898438,93.8782958984375,93.87896728515625,93.87960815429688,93.88021850585938,93.88079833984375,148.0
640,93.9509048461914,93.77168273925781,93.77886962890625,93.78346252441406,93.78691864013672,93.78955078125,93.79157257080078,93.79314422607422,93.79444885253906,93.7955322265625,93.7965087890625,93.7973861694336,93.79823303222656,93.79902648925781,93.79979705810547,128.0
641,93.9509048461914,93.77168273925781,93.77886962890625,93.78346252441406,93.78691864013672,93.78955078125,93.79157257080078,93.79314422607422,93.79444885253906,93.7955322265625,93.7965087890625,93.7973861694336,93.79823303222656,93.79902648925781,93.79979705810547,108.0
642,93.9509048461914,93.77168273925781,93.77886962890625,93.78346252441406,93.78691864013672,93.78955078125,93.79157257080078,93.79314422607422,93.79444885253906,93.7955322265625,93.7965087890625,93.7973861694336,93.79823303222656,93.79902648925781,93.79979705810547,88.0
643,93.9509048461914,93.77168273925781,93.77886962890625,93.78346252441406,93.78691864013672,93.78955078125,93.79157257080078,93.79314422607422,93.79444885253906,93.7955322265625,93.7965087890625,93.7973861694336,93.79823303222656,93.79902648925781,93.79979705810547,68.0
644,93.9509048461914,93.77168273925781,93.77886962890625,93.78346252441406,93.78691864013672,93.78955078125,93.79157257080078,93.79314422607422,93.79444885253906,93.7955322265625,93.7965087890625,93.7973861694336,93.79823303222656,93.79902648925781,93.79979705810547,48.0
645,93.9509048461914,93.77168273925781,93.77886962890625,93.78346252441406,93.78691864013672,93.78955078125,93.79157257080078,93.79314422607422,93.79444885253906,93.7955322265625,93.7965087890625,93.7973861694336,93.79823303222656,93.79902648925781,93.79979705810547,28.0
646,93.9509048461914,93.77168273925781,93.77886962890625,93.78346252441406,93.78691864013672,93.78955078125,93.79157257080078,93.79314422607422,93.79444885253906,93.7955322265625,93.7965087890625,93.7973861694336,93.79823303222656,93.79902648925781,93.79979705810547,8.0
647,93.9509048461914,93.77168273925781,93.77886962890625,93.78346252441406,93.78691864013672,93.78955078125,93.79157257080078,93.79314422607422,93.79444885253906,93.7955322265625,93.7965087890625,93.7973861694336,93.79823303222656,93.79902648925781,93.79979705810547,150.0
648,93.9509048461914,93.77168273925781,93.77886962890625,93.78346252441406,93.78691864013672,93.78955078125,93.79157257080078,93.79314422607422,93.79444885253906,93.7955322265625,93.7965087890625,93.7973861694336,93.79823303222656,93.79902648925781,93.79979705810547,138.0
649,93.9509048461914,93.77168273925781,93.77886962890625,93.78346252441406,93.78691864013672,93.78955078125,93.79157257080078,93.79314422607422,93.79444885253906,93.7955322265625,93.7965087890625,93.7973861694336,93.79823303222656,93.79902648925781,93.79979705810547,118.0
650,93.78092956542969,93.61512756347656,93.62361907958984,93.62901306152344,93.63308715820312,93.63622283935547,93.63862609863281,93.64054107666016,93.64210510253906,93.64344787597656,93.64464569091797,93.64573669433594,93.64678955078125,93.64777374267578,93.64874267578125,98.0
651,93.78092956542969,93.61512756347656,93.62361907958984,93.62901306152344,93.63308715820312,93.63622283935547,93.63862609863281,93.64054107666016,93.64210510253906,93.64344787597656,93.64464569091797,93.64573669433594,93.64678955078125,93.64777374267578,93.64874267578125,78.0
652,93.78092956542969,93.61512756347656,93.62361907958984,93.62901306152344,93.63308715820312,93.63622283935547,93.63862609863281,93.64054107666016,93.64210510253906,93.64344787597656,93.64464569091797,93.64573669433594,93.64678955078125,93.64777374267578,93.64874267578125,58.0
653,93.78092956542969,93.61512756347656,93.62361907958984,93.62901306152344,93.63308715820312,93.63622283935547,93.63862609863281,93.64054107666016,93.64210510253906,93.64344787597656,93.64464569091797,93.64573669433594,93.64678955078125,93.64777374267578,93.64874267578125,38.0
654,93.78092956542969,93.61512756347656,93.62361907958984,93.62901306152344,93.63308715820312,93.63622283935547,93.63862609863281,93.64054107666016,93.64210510253906,93.64344787597656,93.64464569091797,93.64573669433594,93.64678955078125,93.64777374267578,93.64874267578125,18.0
655,93.78092956542969,93.61512756347656,93.62361907958984,93.62901306152344,93.63308715820312,93.63622283935547,93.63862609863281,93.64054107666016,93.64210510253906,93.64344787597656,93.64464569091797,93.64573669433594,93.64678955078125,93.64777374267578,93.64874267578125,150.0
656,93.78092956542969,93.61512756347656,93.62361907958984,93.62901306152344,93.63308715820312,93.63622283935547,93.63862609863281,93.64054107666016,93.64210510253906,93.64344787597656,93.64464569091797,93.64573669433594,93.64678955078125,93.64777374267578,93.64874267578125,150.0
657,93.78092956542969,93.61512756347656,93.62361907958984,93.62901306152344,93.63308715820312,93.63622283935547,93.63862609863281,93.64054107666016,93.64210510253906,93.64344787597656,93.64464569091797,93.64573669433594,93.64678955078125,93.64777374267578,93.64874267578125,150.0
658,93.78092956542969,93.61512756347656,93.62361907958984,93.62901306152344,93.63308715820312,93.63622283935547,93.63862609863281,93.64054107666016,93.64210510253906,93.64344787597656,93.64464569091797,93.64573669433594,93.64678955078125,93.64777374267578,93.64874267578125,133.0
659,93.78092956542969,93.61512756347656,93.62361907958984,93.62901306152344,93.63308715820312,93.63622283935547,93.63862609863281,93.64054107666016,93.64210510253906,93.64344787597656,93.64464569091797,93.64573669433594,93.64678955078125,93.64777374267578,93.64874267578125,113.0
660,93.69659423828125,93.54475402832031,93.5541000366211,93.5599594116211,93.5644302368164,93.56785583496094,93.57052612304688,93.5726318359375,93.57438659667969,93.57587432861328,93.57722473144531,93.57846069335938,93.57963562011719,93.58076477050781,93.58185577392578,93.0
661,93.69659423828125,93.54475402832031,93.5541000366211,93.5599594116211,93.5644302368164,93.56785583496094,93.57052612304688,93.5726318359375,93.57438659667969,93.57587432861328,93.57722473144531,93.57846069335938,93.57963562011719,93.58076477050781,93.58185577392578,73.0
662,93.69659423828125,93.54475402832031,93.5541000366211,93.5599594116211,93.5644302368164,93.56785583496094,93.57052612304688,93.5726318359375,93.57438659667969,93.57587432861328,93.57722473144531,93.57846069335938,93.57963562011719,93.58076477050781,93.58185577392578,53.0
663,93.69659423828125,93.54475402832031,93.5541000366211,93.5599594116211,93.5644302368164,93.56785583496094,93.57052612304688,93.5726318359375,93.57438659667969,93.57587432861328,93.57722473144531,93.57846069335938,93.57963562011719,93.58076477050781,93.58185577392578,33.0
664,93.69659423828125,93.54475402832031,93.5541000366211,93.5599594116211,93.5644302368164,93.56785583496094,93.57052612304688,93.5726318359375,93.57438659667969,93.57587432861328,93.57722473144531,93.57846069335938,93.57963562011719,93.58076477050781,93.58185577392578,13.0
665,93.69659423828125,93.54475402832031,93.5541000366211,93.5599594116211,93.5644302368164,93.56785583496094,93.57052612304688,93.5726318359375,93.57438659667969,93.57587432861328,93.57722473144531,93.57846069335938,93.57963562011719,93.58076477050781,93.58185577392578,150.0
666,93.69659423828125,93.54475402832031,93.5541000366211,93.5599594116211,93.5644302368164,93.56785583496094,93.57052612304688,93.5726318359375,93.57438659667969,93.57587432861328,93.57722473144531,93.57846069335938,93.57963562011719,93.58076477050781,93.58185577392578,150.0
667,93.69659423828125,93.54475402832031,93.5541000366211,93.5599594116211,93.5644302368164,93.56785583496094,93.57052612304688,93.5726318359375,93.57438659667969,93.57587432861328,93.57722473144531,93.57846069335938,93.57963562011719,93.58076477050781,93.58185577392578,150.0
668,93.69659423828125,93.54475402832031,93.5541000366211,93.5599594116211,93.5644302368164,93.56785583496094,93.57052612304688,93.5726318359375,93.57438659667969,93.57587432861328,93.57722473144531,93.57846069335938,93.57963562011719,93.58076477050781,93.58185577392578,137.0
669,93.69659423828125,93.54475402832031,93.5541000366211,93.5599594116211,93.5644302368164,93.56785583496094,93.57052612304688,93.5726318359375,93.57438659667969,93.57587432861328,93.57722473144531,93.57846069335938,93.57963562011719,93.58076477050781,93.58185577392578,117.0
670,93.66626739501953,93.52885437011719,93.53868865966797,93.54478454589844,93.54945373535156,93.55303955078125,93.55583190917969,93.55805969238281,93.5599136352539,93.56150817871094,93.56294250488281,93.56426239013672,93.56552124023438,93.56673431396484,93.56788635253906,97.0
671,93.66626739501953,93.52885437011719,93.53868865966797,93.54478454589844,93.54945373535156,93.55303955078125,93.55583190917969,93.55805969238281,93.5599136352539,93.56150817871094,93.56294250488281,93.56426239013672,93.56552124023438,93.56673431396484,93.56788635253906,77.0
672,93.66626739501953,93.52885437011719,93.53868865966797,93.54478454589844,93.54945373535156,93.55303955078125,93.55583190917969,93.55805969238281,93.5599136352539,93.56150817871094,93.56294250488281,93.56426239013672,93.56552124023438,93.56673431396484,93.56788635253906,57.0
673,93.66626739501953,93.52885437011719,93.53868865966797,93.54478454589844,93.54945373535156,93.55303955078125,93.55583190917969,93.55805969238281,93.5599136352539,93.56150817871094,93.56294250488281,93.56426239013672,93.56552124023438,93.56673431396484,93.56788635253906,37.0
674,93.66626739501953,93.52885437011719,93.53868865966797,93.54478454589844,93.54945373535156,93.55303955078125,93.55583190917969,93.55805969238281,93.5599136352539,93.56150817871094,93.56294250488281,93.56426239013672,93.56552124023438,93.56673431396484,93.56788635253906,17.0
675,93.66626739501953,93.52885437011719,93.53868865966797,93.54478454589844,93.54945373535156,93.55303955078125,93.55583190917969,93.55805969238281,93.5599136352539,93.56150817871094,93.56294250488281,93.56426239013672,93.56552124023438,93.56673431396484,93.56788635253906,134.0
676,93.66626739501953,93.52885437011719,93.53868865966797,93.54478454589844,93.54945373535156,93.55303955078125,93.55583190917969,93.55805969238281,93.5599136352539,93.56150817871094,93.56294250488281,93.56426239013672,93.56552124023438,93.56673431396484,93.56788635253906,114.0
677,93.66626739501953,93.52885437011719,93.53868865966797,93.54478454589844,93.54945373535156,93.55303955078125,93.55583190917969,93.55805969238281,93.5599136352539,93.56150817871094,93.56294250488281,93.56426239013672,93.56552124023438,93.56673431396484,93.56788635253906,94.0
678,93.66626739501953,93.52885437011719,93.53868865966797,93.54478454589844,93.54945373535156,93.55303955078125,93.55583190917969,93.55805969238281,93.5599136352539,93.56150817871094,93.56294250488281,93.56426239013672,93.56552124023438,93.56673431396484,93.56788635253906,74.0
679,93.66626739501953,93.52885437011719,93.53868865966797,93.54478454589844,93.54945373535156,93.55303955078125,93.55583190917969,93.55805969238281,93.5599136352539,93.56150817871094,93.56294250488281,93.56426239013672,93.56552124023438,93.56673431396484,93.56788635253906,54.0
680,93.38090515136719,93.2599105834961,93.27079010009766,93.277587890625,93.2828140258789,93.28684997558594,93.28999328613281,93.29251098632812,93.29460906982422,93.29642486572266,93.29804992675781,93.2995834350586,93.30101776123047,93.30239868164062,93.30374145507812,34.0
681,93.38090515136719,93.2599105834961,93.27079010009766,93.277587890625,93.2828140258789,93.28684997558594,93.28999328613281,93.29251098632812,93.29460906982422,93.29642486572266,93.29804992675781,93.2995834350586,93.30101776123047,93.30239868164062,93.30374145507812,14.0
682,93.38090515136719,93.2599105834961,93.27079010009766,93.277587890625,93.2828140258789,93.28684997558594,93.28999328613281,93.29251098632812,93.29460906982422,93.29642486572266,93.29804992675781,93.2995834350586,93.30101776123047,93.30239868164062,93.30374145507812,115.0
683,93.38090515136719,93.2599105834961,93.27079010009766,93.277587890625,93.2828140258789,93.28684997558594,93.28999328613281,93.29251098632812,93.29460906982422,93.29642486572266,93.29804992675781,93.2995834350586,93.30101776123047,93.30239868164062,93.30374145507812,95.0
684,93.38090515136719,93.2599105834961,93.27079010009766,93.277587890625,93.2828140258789,93.28684997558594,93.28999328613281,93.29251098632812,93.29460906982422,93.29642486572266,93.29804992675781,93.2995834350586,93.30101776123047,93.30239868164062,93.30374145507812,75.0
685,93.38090515136719,93.2599105834961,93.27079010009766,93.277587890625,93.2828140258789,93.28684997558594,93.28999328613281,93.29251098632812,93.29460906982422,93.29642486572266,93.29804992675781,93.2995834350586,93.30101776123047,93.30239868164062,93.30374145507812,55.0
686,93.38090515136719,93.2599105834961,93.27079010009766,93.277587890625,93.2828140258789,93.28684997558594,93.28999328613281,93.29251098632812,93.29460906982422,93.29642486572266,93.29804992675781,93.2995834350586,93.30101776123047,93.30239868164062,93.30374145507812,35.0
687,93.38090515136719,93.2599105834961,93.27079010009766,93.277587890625,93.2828140258789,93.28684997558594,93.28999328613281,93.29251098632812,93.29460906982422,93.29642486572266,93.29804992675781,93.2995834350586,93.30101776123047,93.30239868164062,93.30374145507812,15.0
688,93.38090515136719,93.2599105834961,93.27079010009766,93.277587890625,93.2828140258789,93.28684997558594,93.28999328613281,93.29251098632812,93.29460906982422,93.29642486572266,93.29804992675781,93.2995834350586,93.30101776123047,93.30239868164062,93.30374145507812,135.0
689,93.38090515136719,93.2599105834961,93.27079010009766,93.277587890625,93.2828140258789,93.28684997558594,93.28999328613281,93.29251098632812,93.29460906982422,93.29642486572266,93.29804992675781,93.2995834350586,93.30101776123047,93.30239868164062,93.30374145507812,115.0
690,92.77753448486328,92.67487335205078,92.68749237060547,92.69558715820312,92.70183563232422,92.70665740966797,92.7104263305664,92.71346282958984,92.71598815917969,92.71819305419922,92.72018432617188,92.72203826904297,92.72378540039062,92.72547149658203,92.72709655761719,95.0
691,92.77753448486328,92.67487335205078,92.68749237060547,92.69558715820312,92.70183563232422,92.70665740966797,92.7104263305664,92.71346282958984,92.71598815917969,92.71819305419922,92.72018432617188,92.72203826904297,92.72378540039062,92.72547149658203,92.72709655761719,75.0
692,92.77753448486328,92.67487335205078,92.68749237060547,92.69558715820312,92.70183563232422,92.70665740966797,92.7104263305664,92.71346282958984,92.71598815917969,92.71819305419922,92.72018432617188,92.72203826904297,92.72378540039062,92.72547149658203,92.72709655761719,55.0
693,92.77753448486328,92.67487335205078,92.68749237060547,92.69558715820312,92.70183563232422,92.70665740966797,92.7104263305664,92.71346282958984,92.71598815917969,92.71819305419922,92.72018432617188,92.72203826904297,92.72378540039062,92.72547149658203,92.72709655761719,35.0
694,92.77753448486328,92.67487335205078,92.68749237060547,92.69558715820312,92.70183563232422,92.70665740966797,92.7104263305664,92.71346282958984,92.71598815917969,92.71819305419922,92.72018432617188,92.72203826904297,92.72378540039062,92.72547149658203,92.72709655761719,15.0
695,92.77753448486328,92.67487335205078,92.68749237060547,92.69558715820312,92.70183563232422,92.70665740966797,92.7104263305664,92.71346282958984,92.71598815917969,92.71819305419922,92.72018432617188,92.72203826904297,92.72378540039062,92.72547149658203,92.72709655761719,150.0
696,92.77753448486328,92.67487335205078,92.68749237060547,92.69558715820312,92.70183563232422,92.70665740966797,92.7104263305664,92.71346282958984,92.71598815917969,92.71819305419922,92.72018432617188,92.72203826904297,92.72378540039062,92.72547149658203,92.72709655761719,150.0
697,92.77753448486328,92.67487335205078,92.68749237060547,92.69558715820312,92.70183563232422,92.70665740966797,92.7104263305664,92.71346282958984,92.71598815917969,92.71819305419922,92.72018432617188,92.72203826904297,92.72378540039062,92.72547149658203,92.72709655761719,150.0
698,92.77753448486328,92.67487335205078,92.68749237060547,92.69558715820312,92.70183563232422,92.70665740966797,92.7104263305664,92.71346282958984,92.71598815917969,92.71819305419922,92.72018432617188,92.72203826904297,92.72378540039062,92.72547149658203,92.72709655761719,150.0
699,92.77753448486328,92.67487335205078,92.68749237060547,92.69558715820312,92.70183563232422,92.70665740966797,92.7104263305664,92.71346282958984,92.71598815917969,92.71819305419922,92.72018432617188,92.72203826904297,92.72378540039062,92.72547149658203,92.72709655761719,150.0
700,92.37258911132812,92.28699493408203,92.30060577392578,92.30944061279297,92.31626892089844,92.32154846191406,92.32569122314453,92.32902526855469,92.33181762695312,92.3342514038086,92.3364486694336,92.3385009765625,92.34044647216797,92.3423080444336,92.3441162109375,150.0
701,92.37258911132812,92.28699493408203,92.30060577392578,92.30944061279297,92.31626892089844,92.32154846191406,92.32569122314453,92.32902526855469,92.33181762695312,92.3342514038086,92.3364486694336,92.3385009765625,92.34044647216797,92.3423080444336,92.3441162109375,143.0
702,92.37258911132812,92.28699493408203,92.30060577392578,92.30944061279297,92.31626892089844,92.32154846191406,92.32569122314453,92.32902526855469,92.33181762695312,92.3342514038086,92.3364486694336,92.3385009765625,92.34044647216797,92.3423080444336,92.3441162109375,123.0
703,92.37258911132812,92.28699493408203,92.30060577392578,92.30944061279297,92.31626892089844,92.32154846191406,92.32569122314453,92.32902526855469,92.33181762695312,92.3342514038086,92.3364486694336,92.3385009765625,92.34044647216797,92.3423080444336,92.3441162109375,103.0
704,92.37258911132812,92.28699493408203,92.30060577392578,92.30944061279297,92.31626892089844,92.32154846191406,92.32569122314453,92.32902526855469,92.33181762695312,92.3342514038086,92.3364486694336,92.3385009765625,92.34044647216797,92.3423080444336,92.3441162109375,83.0
705,92.37258911132812,92.28699493408203,92.30060577392578,92.30944061279297,92.31626892089844,92.32154846191406,92.32569122314453,92.32902526855469,92.33181762695312,92.3342514038086,92.3364486694336,92.3385009765625,92.34044647216797,92.3423080444336,92.3441162109375,150.0
706,92.37258911132812,92.28699493408203,92.30060577392578,92.30944061279297,92.31626892089844,92.32154846191406,92.32569122314453,92.32902526855469,92.33181762695312,92.3342514038086,92.3364486694336,92.3385009765625,92.34044647216797,92.3423080444336,92.3441162109375,150.0
707,92.37258911132812,92.28699493408203,92.30060577392578,92.30944061279297,92.31626892089844,92.32154846191406,92.32569122314453,92.32902526855469,92.33181762695312,92.3342514038086,92.3364486694336,92.3385009765625,92.34044647216797,92.3423080444336,92.3441162109375,150.0
708,92.37258911132812,92.28699493408203,92.30060577392578,92.30944061279297,92.31626892089844,92.32154846191406,92.32569122314453,92.32902526855469,92.33181762695312,92.3342514038086,92.3364486694336,92.3385009765625,92.34044647216797,92.3423080444336,92.3441162109375,150.0
709,92.37258911132812,92.28699493408203,92.30060577392578,92.30944061279297,92.31626892089844,92.32154846191406,92.32569122314453,92.32902526855469,92.33181762695312,92.3342514038086,92.3364486694336,92.3385009765625,92.34044647216797,92.3423080444336,92.3441162109375,150.0
710,92.60691833496094,92.53484344482422,92.54753875732422,92.55564880371094,92.56192779541016,92.56678009033203,92.57059478759766,92.57366943359375,92.57623291015625,92.57847595214844,92.58050537109375,92.5823974609375,92.58418273925781,92.5859146118164,92.58757781982422,150.0
711,92.60691833496094,92.53484344482422,92.54753875732422,92.55564880371094,92.56192779541016,92.56678009033203,92.57059478759766,92.57366943359375,92.57623291015625,92.57847595214844,92.58050537109375,92.5823974609375,92.58418273925781,92.5859146118164,92.58757781982422,150.0
712,92.60691833496094,92.53484344482422,92.54753875732422,92.55564880371094,92.56192779541016,92.56678009033203,92.57059478759766,92.57366943359375,92.57623291015625,92.57847595214844,92.58050537109375,92.5823974609375,92.58418273925781,92.5859146118164,92.58757781982422,150.0
713,92.60691833496094,92.53484344482422,92.54753875732422,92.55564880371094,92.56192779541016,92.56678009033203,92.57059478759766,92.57366943359375,92.57623291015625,92.57847595214844,92.58050537109375,92.5823974609375,92.58418273925781,92.5859146118164,92.58757781982422,150.0
714,92.60691833496094,92.53484344482422,92.54753875732422,92.55564880371094,92.56192779541016,92.56678009033203,92.57059478759766,92.57366943359375,92.57623291015625,92.57847595214844,92.58050537109375,92.5823974609375,92.58418273925781,92.5859146118164,92.58757781982422,136.0
715,92.60691833496094,92.53484344482422,92.54753875732422,92.55564880371094,92.56192779541016,92.56678009033203,92.57059478759766,92.57366943359375,92.57623291015625,92.57847595214844,92.58050537109375,92.5823974609375,92.58418273925781,92.5859146118164,92.58757781982422,150.0
716,92.60691833496094,92.53484344482422,92.54753875732422,92.55564880371094,92.56192779541016,92.56678009033203,92.57059478759766,92.57366943359375,92.57623291015625,92.57847595214844,92.58050537109375,92.5823974609375,92.58418273925781,92.5859146118164,92.58757781982422,150.0
717,92.60691833496094,92.53484344482422,92.54753875732422,92.55564880371094,92.56192779541016,92.56678009033203,92.57059478759766,92.57366943359375,92.57623291015625,92.57847595214844,92.58050537109375,92.5823974609375,92.58418273925781,92.5859146118164,92.58757781982422,142.0
718,92.60691833496094,92.53484344482422,92.54753875732422,92.55564880371094,92.56192779541016,92.56678009033203,92.57059478759766,92.57366943359375,92.57623291015625,92.57847595214844,92.58050537109375,92.5823974609375,92.58418273925781,92.5859146118164,92.58757781982422,122.0
719,92.60691833496094,92.53484344482422,92.54753875732422,92.55564880371094,92.56192779541016,92.56678009033203,92.57059478759766,92.57366943359375,92.57623291015625,92.57847595214844,92.58050537109375,92.5823974609375,92.58418273925781,92.5859146118164,92.58757781982422,102.0
720,93.48377990722656,93.42164611816406,93.43150329589844,93.43739318847656,93.44196319580078,93.44550323486328,93.44828796386719,93.45051574707031,93.452392578125,93.45403289794922,93.45550537109375,93.45689392089844,93.45819091796875,93.45944213867188,93.46066284179688,82.0
721,93.48377990722656,93.42164611816406,93.43150329589844,93.43739318847656,93.44196319580078,93.44550323486328,93.44828796386719,93.45051574707031,93.452392578125,93.45403289794922,93.45550537109375,93.45689392089844,93.45819091796875,93.45944213867188,93.46066284179688,62.0
722,93.48377990722656,93.42164611816406,93.43150329589844,93.43739318847656,93.44196319580078,93.44550323486328,93.44828796386719,93.45051574707031,93.452392578125,93.45403289794922,93.45550537109375,93.45689392089844,93.45819091796875,93.45944213867188,93.46066284179688,42.0
723,93.48377990722656,93.42164611816406,93.43150329589844,93.43739318847656,93.44196319580078,93.44550323486328,93.44828796386719,93.45051574707031,93.452392578125,93.45403289794922,93.45550537109375,93.45689392089844,93.45819091796875,93.45944213867188,93.46066284179688,22.0
724,93.48377990722656,93.42164611816406,93.43150329589844,93.43739318847656,93.44196319580078,93.44550323486328,93.44828796386719,93.45051574707031,93.452392578125,93.45403289794922,93.45550537109375,93.45689392089844,93.45819091796875,93.45944213867188,93.46066284179688,2.0
725,93.48377990722656,93.42164611816406,93.43150329589844,93.43739318847656,93.44196319580078,93.44550323486328,93.44828796386719,93.45051574707031,93.452392578125,93.45403289794922,93.45550537109375,93.45689392089844,93.45819091796875,93.45944213867188,93.46066284179688,136.0
726,93.48377990722656,93.42164611816406,93.43150329589844,93.43739318847656,93.44196319580078,93.44550323486328,93.44828796386719,93.45051574707031,93.452392578125,93.45403289794922,93.45550537109375,93.45689392089844,93.45819091796875,93.45944213867188,93.46066284179688,116.0
727,93.48377990722656,93.42164611816406,93.43150329589844,93.43739318847656,93.44196319580078,93.44550323486328,93.44828796386719,93.45051574707031,93.452392578125,93.45403289794922,93.45550537109375,93.45689392089844,93.45819091796875,93.45944213867188,93.46066284179688,96.0
728,93.48377990722656,93.42164611816406,93.43150329589844,93.43739318847656,93.44196319580078,93.44550323486328,93.44828796386719,93.45051574707031,93.452392578125,93.45403289794922,93.45550537109375,93.45689392089844,93.45819091796875,93.45944213867188,93.46066284179688,76.0
729,93.48377990722656,93.42164611816406,93.43150329589844,93.43739318847656,93.44196319580078,93.44550323486328,93.44828796386719,93.45051574707031,93.452392578125,93.45403289794922,93.45550537109375,93.45689392089844,93.45819091796875,93.45944213867188,93.46066284179688,56.0
730,93.93019104003906,93.87962341308594,93.88773345947266,93.89227294921875,93.89580535888672,93.8985595703125,93.90072631835938,93.9024658203125,93.90391540527344,93.90519714355469,93.90634155273438,93.90742492675781,93.90843963623047,93.90941619873047,93.91036987304688,36.0
731,93.93019104003906,93.87962341308594,93.88773345947266,93.89227294921875,93.89580535888672,93.8985595703125,93.90072631835938,93.9024658203125,93.90391540527344,93.90519714355469,93.90634155273438,93.90742492675781,93.90843963623047,93.90941619873047,93.91036987304688,16.0
732,93.93019104003906,93.87962341308594,93.88773345947266,93.89227294921875,93.89580535888672,93.8985595703125,93.90072631835938,93.9024658203125,93.90391540527344,93.90519714355469,93.90634155273438,93.90742492675781,93.90843963623047,93.90941619873047,93.91036987304688,150.0
733,93.93019104003906,93.87962341308594,93.88773345947266,93.89227294921875,93.89580535888672,93.8985595703125,93.90072631835938,93.9024658203125,93.90391540527344,93.90519714355469,93.90634155273438,93.90742492675781,93.90843963623047,93.90941619873047,93.91036987304688,145.0
734,93.93019104003906,93.87962341308594,93.88773345947266,93.89227294921875,93.89580535888672,93.8985595703125,93.90072631835938,93.9024658203125,93.90391540527344,93.90519714355469,93.90634155273438,93.90742492675781,93.90843963623047,93.90941619873047,93.91036987304688,125.0
735,93.93019104003906,93.87962341308594,93.88773345947266,93.89227294921875,93.89580535888672,93.8985595703125,93.90072631835938,93.9024658203125,93.90391540527344,93.90519714355469,93.90634155273438,93.90742492675781,93.90843963623047,93.90941619873047,93.91036987304688,105.0
736,93.93019104003906,93.87962341308594,93.88773345947266,93.89227294921875,93.89580535888672,93.8985595703125,93.90072631835938,93.9024658203125,93.90391540527344,93.90519714355469,93.90634155273438,93.90742492675781,93.90843963623047,93.90941619873047,93.91036987304688,85.0
737,93.93019104003906,93.87962341308594,93.88773345947266,93.89227294921875,93.89580535888672,93.8985595703125,93.90072631835938,93.9024658203125,93.90391540527344,93.90519714355469,93.90634155273438,93.90742492675781,93.90843963623047,93.90941619873047,93.91036987304688,65.0
738,93.93019104003906,93.87962341308594,93.88773345947266,93.89227294921875,93.89580535888672,93.8985595703125,93.90072631835938,93.9024658203125,93.90391540527344,93.90519714355469,93.90634155273438,93.90742492675781,93.90843963623047,93.90941619873047,93.91036987304688,45.0
739,93.93019104003906,93.87962341308594,93.88773345947266,93.89227294921875,93.89580535888672,93.8985595703125,93.90072631835938,93.9024658203125,93.90391540527344,93.90519714355469,93.90634155273438,93.90742492675781,93.90843963623047,93.90941619873047,93.91036987304688,25.0
740,94.13081359863281,94.09237670898438,94.09937286376953,94.10309600830078,94.10601043701172,94.10828399658203,94.11007690429688,94.11151885986328,94.11271667480469,94.11377716064453,94.11471557617188,94.11561584472656,94.116455078125,94.11726379394531,94.11804962158203,5.0
741,94.13081359863281,94.09237670898438,94.09937286376953,94.10309600830078,94.10601043701172,94.10828399658203,94.11007690429688,94.11151885986328,94.11271667480469,94.11377716064453,94.11471557617188,94.11561584472656,94.116455078125,94.11726379394531,94.11804962158203,150.0
742,94.13081359863281,94.09237670898438,94.09937286376953,94.10309600830078,94.10601043701172,94.10828399658203,94.11007690429688,94.11151885986328,94.11271667480469,94.11377716064453,94.11471557617188,94.11561584472656,94.116455078125,94.11726379394531,94.11804962158203,150.0
743,94.13081359863281,94.09237670898438,94.09937286376953,94.10309600830078,94.10601043701172,94.10828399658203,94.11007690429688,94.11151885986328,94.11271667480469,94.11377716064453,94.11471557617188,94.11561584472656,94.116455078125,94.11726379394531,94.11804962158203,140.0
744,94.13081359863281,94.09237670898438,94.09937286376953,94.10309600830078,94.10601043701172,94.10828399658203,94.11007690429688,94.11151885986328,94.11271667480469,94.11377716064453,94.11471557617188,94.11561584472656,94.116455078125,94.11726379394531,94.11804962158203,120.0
745,94.13081359863281,94.09237670898438,94.09937286376953,94.10309600830078,94.10601043701172,94.10828399658203,94.11007690429688,94.11151885986328,94.11271667480469,94.11377716064453,94.11471557617188,94.11561584472656,94.116455078125,94.11726379394531,94.11804962158203,100.0
746,94.13081359863281,94.09237670898438,94.09937286376953,94.10309600830078,94.10601043701172,94.10828399658203,94.11007690429688,94.11151885986328,94.11271667480469,94.11377716064453,94.11471557617188,94.11561584472656,94.116455078125,94.11726379394531,94.11804962158203,80.0
747,94.13081359863281,94.09237670898438,94.09937286376953,94.10309600830078,94.10601043701172,94.10828399658203,94.11007690429688,94.11151885986328,94.11271667480469,94.11377716064453,94.11471557617188,94.11561584472656,94.116455078125,94.11726379394531,94.11804962158203,60.0
748,94.13081359863281,94.09237670898438,94.09937286376953,94.10309600830078,94.10601043701172,94.10828399658203,94.11007690429688,94.11151885986328,94.11271667480469,94.11377716064453,94.11471557617188,94.11561584472656,94.116455078125,94.11726379394531,94.11804962158203,40.0
749,94.13081359863281,94.09237670898438,94.09937286376953,94.10309600830078,94.10601043701172,94.10828399658203,94.11007690429688,94.11151885986328,94.11271667480469,94.11377716064453,94.11471557617188,94.11561584472656,94.116455078125,94.11726379394531,94.11804962158203,20.0
750,94.20296478271484,94.176513671875,94.1827392578125,94.18592834472656,94.18844604492188,94.1904067993164,94.19194793701172,94.19317626953125,94.19422149658203,94.19512939453125,94.19593811035156,94.19671630859375,94.19744873046875,94.19813537597656,94.19881439208984,0.0
