,0,1,2,3,4,5
0,140.44244384765625,135.39906311035156,145.13169860839844,133.93698120117188,139.06137084960938,150.0
1,140.73184204101562,135.2770233154297,147.74343872070312,134.2276611328125,139.97398376464844,150.0
2,137.39877319335938,132.2306365966797,144.27906799316406,131.46920776367188,137.05999755859375,132.0
3,129.45692443847656,125.2322006225586,133.36587524414062,124.78101348876953,129.22718811035156,112.0
4,106.00773620605469,102.02711486816406,98.57418823242188,100.56857299804688,98.26343536376953,92.0
5,69.48887634277344,70.60221099853516,75.93034362792969,72.8475570678711,72.78406524658203,72.0
6,43.91755676269531,47.779720306396484,54.8758659362793,48.66341781616211,48.41939926147461,52.0
7,46.5887565612793,39.281150817871094,41.4256706237793,39.133209228515625,39.29537582397461,32.0
8,46.5887565612793,39.281150817871094,41.4256706237793,39.133209228515625,39.29537582397461,12.0
9,138.75222778320312,133.26564025878906,144.29408264160156,131.8636474609375,136.71347045898438,150.0
10,135.017578125,131.09127807617188,142.9027557373047,130.8916473388672,135.38711547851562,139.0
11,132.35946655273438,128.68807983398438,140.0233917236328,128.6913299560547,133.2733154296875,119.0
12,126.13020324707031,123.19062042236328,125.48323822021484,123.25426483154297,125.53271484375,99.0
13,99.06088256835938,97.0656967163086,91.13211822509766,95.49745178222656,92.52275848388672,79.0
14,65.08740234375,66.68862915039062,63.028934478759766,63.062740325927734,66.28402709960938,59.0
15,45.51841354370117,38.33307647705078,40.451080322265625,38.288299560546875,38.31452941894531,39.0
16,45.51841354370117,38.33307647705078,40.451080322265625,38.288299560546875,38.31452941894531,19.0
17,126.43641662597656,124.42566680908203,109.61238098144531,120.73161315917969,116.810546875,150.0
18,131.49632263183594,127.18756866455078,139.54542541503906,126.93840026855469,131.54763793945312,149.0
19,138.02024841308594,132.5188751220703,151.21632385253906,132.34507751464844,138.68984985351562,129.0
20,135.69398498535156,132.7003936767578,148.18812561035156,133.4261016845703,137.8210906982422,109.0
21,126.3463363647461,124.4538345336914,131.8542022705078,125.45203399658203,128.78094482421875,89.0
22,87.30833435058594,87.29084777832031,85.42622375488281,89.89392852783203,88.12805938720703,69.0
23,45.98756790161133,42.85546875,43.34221267700195,46.447166442871094,46.7176513671875,49.0
24,44.304527282714844,37.36988830566406,39.31919479370117,37.444976806640625,37.280479431152344,29.0
25,44.304527282714844,37.36988830566406,39.31919479370117,37.444976806640625,37.280479431152344,9.0
26,134.25856018066406,134.51097106933594,127.38780975341797,131.57569885253906,132.9931182861328,150.0
27,130.56939697265625,130.70005798339844,131.49569702148438,131.5720672607422,133.084228515625,148.0
28,129.53616333007812,128.8434600830078,132.35157775878906,129.60675048828125,131.62159729003906,128.0
29,124.46511840820312,123.30054473876953,120.00273895263672,123.91088104248047,123.5421142578125,108.0
30,100.67339324951172,101.61913299560547,94.63285064697266,103.31201934814453,98.74401092529297,88.0
31,80.86628723144531,69.09270477294922,82.40494537353516,80.01476287841797,73.17728424072266,68.0
32,42.77671813964844,36.15800094604492,37.873172760009766,36.328277587890625,35.95016860961914,48.0
33,42.77671813964844,36.15800094604492,37.873172760009766,36.328277587890625,35.95016860961914,28.0
34,42.77671813964844,36.15800094604492,37.873172760009766,36.328277587890625,35.95016860961914,8.0
35,139.21522521972656,139.45204162597656,151.41200256347656,140.7559356689453,141.8663787841797,150.0
36,135.37075805664062,135.939208984375,145.06924438476562,137.36361694335938,138.19400024414062,150.0
37,129.4733123779297,130.13803100585938,136.48281860351562,131.50050354003906,132.25326538085938,150.0
38,121.50988006591797,121.87516784667969,117.1402816772461,123.68365478515625,122.97714233398438,150.0
39,102.45226287841797,103.5030517578125,101.27676391601562,107.52302551269531,105.03242492675781,150.0
40,93.72599792480469,83.37840270996094,98.43714141845703,97.45480346679688,92.52035522460938,139.0
41,91.90135955810547,82.87576293945312,105.21471405029297,92.93545532226562,88.46586608886719,119.0
42,41.489463806152344,35.259273529052734,36.64461898803711,35.46196746826172,34.914363861083984,99.0
43,41.489463806152344,35.259273529052734,36.64461898803711,35.46196746826172,34.914363861083984,79.0
44,41.489463806152344,35.259273529052734,36.64461898803711,35.46196746826172,34.914363861083984,59.0
45,128.31195068359375,133.6634063720703,121.85774993896484,134.5312042236328,131.07388305664062,130.0
46,125.8480224609375,130.3881378173828,120.0307388305664,131.67079162597656,129.3267364501953,110.0
47,119.47293853759766,123.47560119628906,105.78150177001953,124.68190002441406,117.49345397949219,90.0
48,89.78219604492188,93.87739562988281,80.90410614013672,95.0404281616211,88.56324768066406,70.0
49,42.9217529296875,44.84138870239258,48.025821685791016,46.809120178222656,47.85365295410156,50.0
50,40.87705612182617,35.06369400024414,36.22399139404297,35.23196792602539,34.63035202026367,30.0
51,40.87705612182617,35.06369400024414,36.22399139404297,35.23196792602539,34.63035202026367,10.0
52,129.5732879638672,136.26150512695312,121.37854766845703,133.79457092285156,130.56271362304688,150.0
53,121.97319793701172,127.31281280517578,109.45960235595703,127.7940902709961,121.49305725097656,150.0
54,124.93960571289062,129.26364135742188,125.56863403320312,130.05247497558594,128.52340698242188,141.0
55,124.2769546508789,128.28553771972656,125.33963775634766,129.17529296875,128.14080810546875,121.0
56,117.46244812011719,122.06566619873047,109.47576904296875,122.65664672851562,116.00027465820312,101.0
57,88.55571746826172,93.74382781982422,84.63668823242188,96.27748107910156,91.19624328613281,81.0
58,46.73472595214844,45.76456069946289,46.39897537231445,52.52677536010742,48.587493896484375,61.0
59,40.87705612182617,35.06369400024414,36.22399139404297,35.23196792602539,34.63035202026367,41.0
60,40.26337814331055,34.824886322021484,35.91658020019531,34.94591522216797,34.366790771484375,21.0
61,40.26337814331055,34.824886322021484,35.91658020019531,34.94591522216797,34.366790771484375,1.0
62,139.75955200195312,149.1987762451172,152.64898681640625,149.94642639160156,145.35150146484375,150.0
63,133.96014404296875,142.4494171142578,143.86766052246094,143.01629638671875,138.9696044921875,150.0
64,128.3659210205078,135.8185272216797,135.64373779296875,136.1265411376953,132.62327575683594,150.0
65,121.58743286132812,127.57282257080078,116.4676513671875,127.62010955810547,120.68846893310547,142.0
66,100.90364837646484,108.46964263916016,95.13408660888672,106.27532958984375,97.39873504638672,122.0
67,87.4531478881836,89.125,91.77286529541016,91.87824249267578,90.16486358642578,102.0
68,82.50774383544922,73.4397964477539,88.09046936035156,77.3443374633789,71.80631256103516,82.0
69,40.26337814331055,34.824886322021484,35.91658020019531,34.94591522216797,34.366790771484375,62.0
70,39.838958740234375,34.71212387084961,35.72502899169922,34.77598190307617,34.31339645385742,42.0
71,39.838958740234375,34.71212387084961,35.72502899169922,34.77598190307617,34.31339645385742,22.0
72,125.80886840820312,131.49652099609375,125.92190551757812,130.6931610107422,126.08141326904297,150.0
73,128.2120361328125,133.80726623535156,138.4685516357422,132.97537231445312,131.41883850097656,150.0
74,129.22532653808594,133.49267578125,140.638427734375,132.8380889892578,132.49343872070312,150.0
75,126.66194915771484,130.17974853515625,139.0056915283203,130.65216064453125,131.4188232421875,150.0
76,120.19355010986328,124.15647888183594,130.13963317871094,125.3568344116211,126.24930572509766,140.0
77,111.35774993896484,112.29630279541016,122.79163360595703,116.8482666015625,118.18909454345703,120.0
78,107.13934326171875,97.31096649169922,115.58432006835938,107.0634765625,104.36248016357422,100.0
79,39.838958740234375,34.71212387084961,35.72502899169922,34.77598190307617,34.31339645385742,80.0
80,39.907997131347656,35.110076904296875,35.88399887084961,35.080589294433594,34.74696731567383,60.0
81,39.907997131347656,35.110076904296875,35.88399887084961,35.080589294433594,34.74696731567383,40.0
82,139.13458251953125,146.05136108398438,149.69500732421875,140.14633178710938,139.2424774169922,150.0
83,137.66552734375,144.97789001464844,152.374755859375,143.26979064941406,142.34837341308594,130.0
84,139.73280334472656,145.22552490234375,154.77723693847656,143.38795471191406,143.19708251953125,110.0
85,128.86758422851562,132.43141174316406,139.84085083007812,131.1924285888672,131.4657440185547,90.0
86,94.2095947265625,97.14134216308594,101.36575317382812,98.06771087646484,98.51982879638672,70.0
87,53.749969482421875,52.887332916259766,57.5341911315918,53.2425537109375,54.086666107177734,50.0
88,39.907997131347656,35.110076904296875,35.88399887084961,35.080589294433594,34.74696731567383,30.0
89,39.907997131347656,35.110076904296875,35.88399887084961,35.080589294433594,34.74696731567383,10.0
90,138.65785217285156,142.4479522705078,149.3579864501953,139.50889587402344,141.16542053222656,143.0
91,148.9922332763672,151.9535675048828,163.07476806640625,149.466796875,151.5867156982422,123.0
92,147.06443786621094,149.953369140625,161.15237426757812,147.85604858398438,150.1484375,103.0
93,131.68101501464844,134.24327087402344,141.64605712890625,132.6124267578125,135.12828063964844,83.0
94,81.1998519897461,85.03765869140625,87.51213836669922,85.43199920654297,87.3638916015625,63.0
95,50.7625617980957,53.00243377685547,51.20921325683594,51.709815979003906,55.2664680480957,43.0
96,39.59443664550781,35.098060607910156,35.52442932128906,35.02249526977539,34.81630325317383,23.0
97,39.59443664550781,35.098060607910156,35.52442932128906,35.02249526977539,34.81630325317383,3.0
98,152.35899353027344,158.3515167236328,169.4991912841797,156.45928955078125,158.43028259277344,150.0
99,146.7977294921875,151.4149169921875,161.49942016601562,149.17498779296875,151.09658813476562,140.0
100,136.20504760742188,136.53262329101562,140.3588409423828,135.17156982421875,138.41476440429688,120.0
101,122.530029296875,124.38452911376953,120.64728546142578,117.74829864501953,120.07794952392578,100.0
102,88.47236633300781,90.3382339477539,89.2494125366211,89.1156234741211,92.21414947509766,80.0
103,70.87582397460938,64.42858123779297,63.31470489501953,66.63816833496094,66.87066650390625,60.0
104,38.5644416809082,34.27753829956055,34.161895751953125,34.22447967529297,34.0643196105957,40.0
105,38.5644416809082,34.27753829956055,34.161895751953125,34.22447967529297,34.0643196105957,20.0
106,38.5644416809082,34.27753829956055,34.161895751953125,34.22447967529297,34.0643196105957,0.0
107,151.69146728515625,151.73536682128906,156.9624481201172,147.34580993652344,150.0595703125,150.0
108,142.21873474121094,142.11801147460938,146.0451202392578,140.9093475341797,144.10205078125,150.0
109,136.34210205078125,137.69171142578125,140.9741973876953,136.77493286132812,140.07958984375,147.0
110,123.6430435180664,123.85993957519531,117.44840240478516,122.23497009277344,126.75071716308594,127.0
111,97.53081512451172,98.38323211669922,91.59902954101562,95.51573181152344,99.66254425048828,107.0
112,71.97760772705078,76.0418701171875,74.16270446777344,77.6992416381836,81.71530151367188,87.0
113,66.74201965332031,64.14937591552734,63.590179443359375,64.04609680175781,65.16268157958984,67.0
114,37.2465705871582,33.2131462097168,32.57575988769531,33.233882904052734,33.05339050292969,47.0
115,37.2465705871582,33.2131462097168,32.57575988769531,33.233882904052734,33.05339050292969,27.0
116,37.2465705871582,33.2131462097168,32.57575988769531,33.233882904052734,33.05339050292969,7.0
117,138.49859619140625,135.71522521972656,136.48983764648438,133.8834686279297,137.2096405029297,150.0
118,136.07925415039062,133.69345092773438,133.3531951904297,133.97352600097656,137.4333953857422,150.0
119,134.01734924316406,131.26556396484375,131.67787170410156,131.60667419433594,135.09996032714844,149.0
120,125.56168365478516,122.3125228881836,118.28278350830078,122.8850326538086,126.77589416503906,129.0
121,106.35626220703125,104.6082992553711,101.2428207397461,106.43115997314453,112.19815826416016,109.0
122,93.19143676757812,92.11911010742188,92.23104095458984,96.04743957519531,100.49894714355469,89.0
123,85.62539672851562,78.66537475585938,80.61070251464844,83.1988525390625,81.98155975341797,69.0
124,36.114479064941406,32.377830505371094,31.31435203552246,32.47358322143555,32.21376037597656,49.0
125,36.114479064941406,32.377830505371094,31.31435203552246,32.47358322143555,32.21376037597656,29.0
126,36.114479064941406,32.377830505371094,31.31435203552246,32.47358322143555,32.21376037597656,9.0
127,129.88067626953125,125.5689468383789,124.13176727294922,124.40574645996094,128.000732421875,150.0
128,130.63499450683594,126.42341613769531,124.0075454711914,128.1091766357422,131.60418701171875,150.0
129,140.47552490234375,134.24722290039062,132.5511016845703,136.10191345214844,139.2998046875,135.0
130,140.630859375,132.89964294433594,128.7360076904297,135.4679718017578,137.07931518554688,115.0
131,129.6230926513672,123.8335952758789,120.01516723632812,124.78759002685547,127.38316345214844,95.0
132,87.77545928955078,85.2957534790039,79.79048156738281,85.74994659423828,89.27733612060547,75.0
133,57.5006217956543,53.65713882446289,45.6859130859375,50.578731536865234,54.382633209228516,55.0
134,35.0518684387207,31.720539093017578,30.316457748413086,31.84726333618164,31.456710815429688,35.0
135,35.0518684387207,31.720539093017578,30.316457748413086,31.84726333618164,31.456710815429688,15.0
136,139.83633422851562,132.14175415039062,129.0536346435547,134.85464477539062,136.7294158935547,138.0
137,132.7161865234375,126.324951171875,123.54888153076172,127.86225128173828,130.20217895507812,118.0
138,121.90106964111328,115.71788787841797,110.70455932617188,110.60678100585938,114.52919006347656,98.0
139,89.0346908569336,85.56661987304688,81.53791809082031,81.51380920410156,84.68678283691406,78.0
140,67.51905059814453,60.621891021728516,50.26979446411133,58.43885040283203,59.30088424682617,58.0
141,33.606353759765625,30.81831169128418,29.220386505126953,30.977645874023438,30.40390968322754,38.0
142,33.606353759765625,30.81831169128418,29.220386505126953,30.977645874023438,30.40390968322754,18.0
143,127.94155883789062,122.83042907714844,120.26313018798828,124.59355926513672,125.82179260253906,150.0
144,134.11044311523438,127.59732818603516,122.50765991210938,130.4220733642578,130.50241088867188,150.0
145,138.537353515625,131.02145385742188,125.73262786865234,133.8825225830078,133.62680053710938,135.0
146,134.8717498779297,128.07037353515625,123.08761596679688,130.6109161376953,130.65025329589844,115.0
147,121.88133239746094,117.95369720458984,111.87841796875,117.11957550048828,119.75338745117188,95.0
148,82.84664154052734,82.01541900634766,77.81121826171875,82.86392211914062,85.43356323242188,75.0
149,53.97428894042969,53.164432525634766,45.77031707763672,50.23749542236328,53.776832580566406,55.0
150,32.16899108886719,30.013408660888672,28.36355209350586,30.178627014160156,29.423891067504883,35.0
151,32.16899108886719,30.013408660888672,28.36355209350586,30.178627014160156,29.423891067504883,15.0
152,126.79939270019531,122.73954772949219,120.12266540527344,124.96916198730469,123.95808410644531,150.0
153,122.45758056640625,119.5121841430664,117.14080810546875,119.60331726074219,119.39625549316406,150.0
154,119.62464141845703,118.17049407958984,114.56572723388672,120.81072998046875,120.34210205078125,142.0
155,116.78317260742188,114.48236083984375,110.15925598144531,114.97286224365234,115.29253387451172,122.0
156,104.57719421386719,103.12631225585938,99.35102081298828,103.64205932617188,105.28656768798828,102.0
157,102.07852172851562,100.8057632446289,98.25469970703125,102.77436065673828,104.33164978027344,82.0
158,109.12091064453125,104.96391296386719,103.05691528320312,105.78516387939453,102.54072570800781,62.0
159,32.16899108886719,30.013408660888672,28.36355209350586,30.178627014160156,29.423891067504883,42.0
160,30.885974884033203,29.38654327392578,27.774105072021484,29.530517578125,28.636735916137695,22.0
161,30.885974884033203,29.38654327392578,27.774105072021484,29.530517578125,28.636735916137695,2.0
162,129.75686645507812,127.88407897949219,123.92301940917969,134.58816528320312,129.425537109375,148.0
163,125.43773651123047,122.68492889404297,120.37358856201172,127.85396575927734,124.02915954589844,128.0
164,117.5948257446289,115.55436706542969,115.38520050048828,115.2205581665039,111.30591583251953,108.0
165,90.99491882324219,89.04988861083984,89.57633209228516,85.13810729980469,82.53926086425781,88.0
166,55.76552963256836,60.67137908935547,62.2088508605957,56.37387466430664,58.11288833618164,68.0
167,54.65717315673828,55.80791091918945,47.66679763793945,49.06278610229492,48.6289176940918,48.0
168,30.885974884033203,29.38654327392578,27.774105072021484,29.530517578125,28.636735916137695,28.0
169,30.885974884033203,29.38654327392578,27.774105072021484,29.530517578125,28.636735916137695,8.0
170,127.97796630859375,126.75165557861328,125.15194702148438,132.0601043701172,125.79783630371094,127.0
171,120.68914031982422,120.36837005615234,118.87908172607422,123.79975128173828,118.9569320678711,107.0
172,109.08678436279297,108.91828918457031,113.29753875732422,110.90869903564453,104.18019104003906,87.0
173,80.1615219116211,80.75643157958984,82.76541900634766,79.00289916992188,76.45523071289062,67.0
174,54.04572677612305,54.41547393798828,47.677791595458984,51.2541389465332,53.184513092041016,47.0
175,29.453304290771484,28.583534240722656,27.065040588378906,28.715150833129883,27.748138427734375,27.0
176,29.453304290771484,28.583534240722656,27.065040588378906,28.715150833129883,27.748138427734375,7.0
177,123.61829376220703,123.08549499511719,118.82475280761719,126.64109802246094,122.18174743652344,150.0
178,123.33384704589844,122.23937225341797,117.62545776367188,124.5968246459961,120.53187561035156,150.0
179,123.236328125,122.14627838134766,117.376220703125,124.12258911132812,120.80918884277344,150.0
180,120.72111511230469,121.74071502685547,117.29230499267578,122.49605560302734,119.85845184326172,150.0
181,115.71958923339844,117.74888610839844,114.58142852783203,117.01153564453125,115.79520416259766,130.0
182,108.94149780273438,110.4544448852539,106.56841278076172,110.21661376953125,109.85008239746094,110.0
183,104.43650817871094,104.05143737792969,101.37362670898438,104.98619842529297,103.89386749267578,90.0
184,28.09921646118164,27.830724716186523,26.453123092651367,27.909170150756836,26.97247314453125,70.0
185,28.09921646118164,27.830724716186523,26.453123092651367,27.909170150756836,26.97247314453125,50.0
186,28.09921646118164,27.830724716186523,26.453123092651367,27.909170150756836,26.97247314453125,30.0
187,121.09221649169922,122.29244995117188,121.70099639892578,127.13996887207031,122.64070129394531,150.0
188,123.39198303222656,124.08434295654297,119.74323272705078,126.20494079589844,121.97834014892578,150.0
189,127.87994384765625,127.66610717773438,122.24938201904297,129.11410522460938,124.81254577636719,139.0
190,128.17947387695312,129.26776123046875,124.59402465820312,129.27847290039062,125.56436157226562,119.0
191,117.56177520751953,120.29940795898438,117.76676940917969,117.33163452148438,114.44861602783203,99.0
192,89.43704986572266,93.51322937011719,91.12892150878906,91.75719451904297,90.8946533203125,79.0
193,62.402626037597656,63.9954833984375,56.99451446533203,62.656402587890625,60.19560241699219,59.0
194,27.51847267150879,27.780258178710938,26.617658615112305,27.778749465942383,26.943159103393555,39.0
195,27.51847267150879,27.780258178710938,26.617658615112305,27.778749465942383,26.943159103393555,19.0
196,127.28273010253906,129.0985870361328,129.92054748535156,134.09384155273438,127.78955078125,136.0
197,126.21228790283203,129.2970428466797,126.872802734375,132.66981506347656,126.8405532836914,116.0
198,121.09150695800781,124.67105865478516,122.10263061523438,126.4331283569336,121.21139526367188,96.0
199,84.93816375732422,89.03608703613281,91.00662231445312,85.9189682006836,81.88839721679688,76.0
200,50.59739685058594,57.564517974853516,62.05875778198242,56.125484466552734,57.53996658325195,56.0
201,26.79975700378418,27.47688102722168,26.57102394104004,27.394018173217773,26.751522064208984,36.0
202,26.79975700378418,27.47688102722168,26.57102394104004,27.394018173217773,26.751522064208984,16.0
203,136.3656768798828,138.81381225585938,141.7236785888672,144.68051147460938,137.24240112304688,145.0
204,129.4606475830078,132.11842346191406,135.34934997558594,137.47132873535156,131.47052001953125,125.0
205,121.19001770019531,124.88966369628906,127.98029327392578,129.14149475097656,124.47724151611328,105.0
206,94.8841552734375,97.5011978149414,107.70392608642578,99.7477798461914,94.31316375732422,85.0
207,53.1999626159668,60.82136154174805,68.01466369628906,58.385616302490234,58.352203369140625,65.0
208,48.882835388183594,50.80813217163086,41.75973129272461,45.034271240234375,44.275203704833984,45.0
209,26.79975700378418,27.47688102722168,26.57102394104004,27.394018173217773,26.751522064208984,25.0
210,26.13956642150879,27.084213256835938,26.333635330200195,26.892183303833008,26.506206512451172,5.0
211,133.9735870361328,136.72113037109375,141.34146118164062,141.725341796875,136.91285705566406,143.0
212,123.00434875488281,126.26766967773438,130.14544677734375,129.70391845703125,126.96208953857422,123.0
213,107.44329071044922,110.00439453125,121.55686950683594,114.00322723388672,110.01564025878906,103.0
214,83.3560791015625,84.58673095703125,92.43045043945312,83.86840057373047,81.48631286621094,83.0
215,60.18646240234375,66.7632827758789,71.30937957763672,64.86031341552734,66.85924530029297,63.0
216,58.142234802246094,55.48470687866211,45.56894302368164,50.19737243652344,40.55024337768555,43.0
217,26.13956642150879,27.084213256835938,26.333635330200195,26.892183303833008,26.506206512451172,23.0
218,26.13956642150879,27.084213256835938,26.333635330200195,26.892183303833008,26.506206512451172,3.0
219,133.3780975341797,135.92030334472656,140.13845825195312,140.6923370361328,136.25399780273438,150.0
220,127.83464050292969,129.3230438232422,132.6519775390625,131.27220153808594,130.7193145751953,150.0
221,122.31944274902344,124.19638061523438,127.98175048828125,126.11508178710938,125.77337646484375,134.0
222,110.42941284179688,111.23491668701172,122.06189727783203,113.796630859375,112.90081787109375,114.0
223,86.608154296875,86.78298950195312,95.36551666259766,85.66446685791016,84.946044921875,94.0
224,51.24821472167969,57.2191047668457,65.08346557617188,55.01492691040039,57.377708435058594,74.0
225,48.44659423828125,52.35299301147461,47.56904983520508,48.50492858886719,49.515289306640625,54.0
226,25.329824447631836,26.454519271850586,25.775447845458984,26.139894485473633,26.04906463623047,34.0
227,25.329824447631836,26.454519271850586,25.775447845458984,26.139894485473633,26.04906463623047,14.0
228,126.9599609375,128.7708740234375,131.3953399658203,129.7685089111328,129.28036499023438,150.0
229,120.12725830078125,122.4136734008789,126.34479522705078,124.00342559814453,123.97181701660156,150.0
230,118.20191955566406,118.07001495361328,123.02631378173828,115.49508666992188,117.8489990234375,150.0
231,102.71281433105469,103.96248626708984,106.47949981689453,98.03720092773438,99.74071502685547,150.0
232,84.77674865722656,87.72480773925781,87.96387481689453,80.27098083496094,83.71141052246094,134.0
233,81.29889678955078,85.0660171508789,84.01908111572266,80.64510345458984,83.69546508789062,114.0
234,96.8513412475586,91.24073791503906,89.40316772460938,93.9265365600586,87.61558532714844,94.0
235,24.963485717773438,26.180299758911133,25.46935272216797,25.755657196044922,25.93175506591797,74.0
236,24.963485717773438,26.180299758911133,25.46935272216797,25.755657196044922,25.93175506591797,54.0
237,24.963485717773438,26.180299758911133,25.46935272216797,25.755657196044922,25.93175506591797,34.0
238,138.84280395507812,140.8390655517578,138.14585876464844,136.25979614257812,138.86366271972656,150.0
239,132.6675262451172,134.76438903808594,132.4962615966797,130.79342651367188,133.32826232910156,150.0
240,139.34878540039062,140.71954345703125,133.63685607910156,133.13929748535156,137.41162109375,131.0
241,126.68879699707031,126.0291976928711,121.33248901367188,115.63177490234375,119.35147857666016,111.0
242,91.17840576171875,92.11726379394531,88.07806396484375,83.01966857910156,85.87247467041016,91.0
243,74.02131652832031,77.50318908691406,67.09700012207031,62.21354293823242,64.26495361328125,71.0
244,44.19073486328125,46.86827087402344,52.984466552734375,47.3041877746582,33.07252502441406,51.0
245,25.636302947998047,26.880197525024414,26.14667320251465,26.40911102294922,26.815919876098633,31.0
246,25.636302947998047,26.880197525024414,26.14667320251465,26.40911102294922,26.815919876098633,11.0
247,157.49366760253906,153.1505584716797,150.24732971191406,150.74920654296875,154.16262817382812,150.0
248,150.27931213378906,146.4747314453125,143.66934204101562,143.81468200683594,147.31333923339844,150.0
249,144.68807983398438,141.26449584960938,138.57278442382812,138.4078369140625,141.94305419921875,140.0
250,146.8985137939453,143.1783447265625,137.62265014648438,138.6177520751953,142.8614501953125,120.0
251,126.23048400878906,119.39476013183594,114.59288024902344,111.89259338378906,115.58563232421875,100.0
252,80.89645385742188,82.05774688720703,78.4352035522461,76.38636779785156,80.0286865234375,80.0
253,59.567039489746094,62.424659729003906,58.364036560058594,58.28919982910156,58.16724395751953,60.0
254,26.094497680664062,27.367292404174805,26.69654655456543,26.994686126708984,27.611682891845703,40.0
255,26.094497680664062,27.367292404174805,26.69654655456543,26.994686126708984,27.611682891845703,20.0
256,26.094497680664062,27.367292404174805,26.69654655456543,26.994686126708984,27.611682891845703,0.0
257,165.8042755126953,163.1657257080078,153.97853088378906,156.158203125,160.58712768554688,150.0
258,153.075439453125,153.9739990234375,143.1146697998047,143.2607421875,149.76907348632812,150.0
259,145.9527587890625,147.02743530273438,137.1561737060547,136.11026000976562,143.30064392089844,135.0
260,140.95870971679688,142.08737182617188,133.5997314453125,131.49281311035156,139.4769744873047,115.0
261,115.11388397216797,116.7125473022461,105.7651138305664,100.46729278564453,108.65786743164062,95.0
262,81.3387680053711,86.30599975585938,80.24488830566406,76.09176635742188,82.2909927368164,75.0
263,67.1346206665039,67.51130676269531,65.00932312011719,65.7637939453125,65.0531234741211,55.0
264,26.121604919433594,27.43619728088379,26.992692947387695,27.32304573059082,28.014833450317383,35.0
265,26.121604919433594,27.43619728088379,26.992692947387695,27.32304573059082,28.014833450317383,15.0
266,180.29307556152344,172.35418701171875,166.71778869628906,171.6834259033203,175.01271057128906,150.0
267,168.80816650390625,164.45921325683594,157.10287475585938,161.14309692382812,164.64857482910156,141.0
268,157.59352111816406,158.0626983642578,147.7570037841797,150.65811157226562,155.67176818847656,121.0
269,140.80596923828125,141.80746459960938,133.25,134.20523071289062,139.15284729003906,101.0
270,92.71998596191406,91.07997131347656,87.39411163330078,87.78196716308594,89.75474548339844,81.0
271,46.83565139770508,50.85664749145508,51.400455474853516,51.67202377319336,54.32324981689453,61.0
272,25.446674346923828,26.821378707885742,26.804269790649414,27.12932586669922,27.73496437072754,41.0
273,25.446674346923828,26.821378707885742,26.804269790649414,27.12932586669922,27.73496437072754,21.0
274,25.446674346923828,26.821378707885742,26.804269790649414,27.12932586669922,27.73496437072754,1.0
275,170.26942443847656,163.95697021484375,164.05747985839844,169.5000457763672,169.42649841308594,138.0
276,157.89085388183594,152.51467895507812,152.4801483154297,156.81039428710938,157.50758361816406,118.0
277,142.57273864746094,139.2329559326172,138.1228790283203,141.12159729003906,142.69496154785156,98.0
278,105.59686279296875,97.97845458984375,97.8375015258789,98.74581909179688,99.71043395996094,78.0
279,62.508907318115234,59.458011627197266,58.23276138305664,56.92401123046875,59.071834564208984,58.0
280,24.23401641845703,25.74713706970215,26.12679672241211,26.37621307373047,26.86105728149414,38.0
281,24.23401641845703,25.74713706970215,26.12679672241211,26.37621307373047,26.86105728149414,18.0
282,151.75613403320312,149.52354431152344,154.57627868652344,159.29437255859375,156.512939453125,150.0
283,142.21815490722656,140.48973083496094,144.63487243652344,148.17787170410156,146.73031616210938,130.0
284,132.50360107421875,131.93365478515625,134.46051025390625,137.0958709716797,136.86831665039062,110.0
285,111.64115905761719,109.02906036376953,107.08600616455078,110.34107971191406,109.54190826416016,90.0
286,71.7289047241211,73.69011688232422,72.75199890136719,73.15730285644531,75.03926849365234,70.0
287,45.51256561279297,50.42341232299805,52.05215072631836,52.10053634643555,53.70064163208008,50.0
288,24.23401641845703,25.74713706970215,26.12679672241211,26.37621307373047,26.86105728149414,30.0
289,24.23401641845703,25.74713706970215,26.12679672241211,26.37621307373047,26.86105728149414,10.0
290,128.91799926757812,132.62606811523438,137.31698608398438,137.4558563232422,137.08074951171875,150.0
291,129.40206909179688,133.25955200195312,137.54495239257812,135.23123168945312,136.425048828125,150.0
292,127.21923065185547,130.92164611816406,134.770263671875,132.36614990234375,133.70509338378906,134.0
293,121.21410369873047,124.37250518798828,127.52949523925781,125.51126861572266,127.19282531738281,114.0
294,101.34132385253906,101.10508728027344,102.20053100585938,99.27444458007812,102.36843872070312,94.0
295,66.28243255615234,69.77690124511719,70.6845703125,66.1645278930664,71.7386245727539,74.0
296,43.10649871826172,47.47505569458008,50.091400146484375,49.89017105102539,51.88412094116211,54.0
297,22.963376998901367,24.58249282836914,25.271455764770508,25.389808654785156,25.765941619873047,34.0
298,22.963376998901367,24.58249282836914,25.271455764770508,25.389808654785156,25.765941619873047,14.0
299,128.71353149414062,130.21986389160156,137.6446533203125,140.18312072753906,137.2957000732422,108.0
300,108.4490966796875,104.30855560302734,112.06624603271484,118.00123596191406,115.26580810546875,88.0
301,84.04002380371094,80.14331817626953,84.38147735595703,88.1733627319336,84.942138671875,68.0
302,52.63905334472656,53.22388458251953,57.29224395751953,58.84980773925781,59.74970245361328,48.0
303,21.924781799316406,23.55263328552246,24.42587661743164,24.45598602294922,24.701801300048828,28.0
304,21.924781799316406,23.55263328552246,24.42587661743164,24.45598602294922,24.701801300048828,8.0
305,117.56761169433594,121.4951400756836,128.14385986328125,128.20762634277344,125.83467102050781,150.0
306,115.05780792236328,118.58761596679688,124.48200988769531,122.80754852294922,122.72325897216797,148.0
307,111.59114837646484,112.59668731689453,119.0613784790039,118.10892486572266,118.79813385009766,128.0
308,97.63711547851562,95.11746978759766,99.65174102783203,99.58473205566406,100.8626937866211,108.0
309,75.17255401611328,74.4632339477539,77.81053924560547,76.65498352050781,79.5821762084961,88.0
310,65.95721435546875,62.62560272216797,67.58110046386719,61.858829498291016,63.76209259033203,68.0
311,43.62681198120117,48.687530517578125,56.08695602416992,55.32476043701172,61.5088005065918,48.0
312,21.126220703125,22.744876861572266,23.66165542602539,23.595705032348633,23.731826782226562,28.0
313,21.126220703125,22.744876861572266,23.66165542602539,23.595705032348633,23.731826782226562,8.0
314,109.76144409179688,113.67733001708984,120.30747985839844,120.68834686279297,117.50025177001953,150.0
315,106.83704376220703,106.72061920166016,114.92668151855469,117.11154174804688,114.83423614501953,150.0
316,102.57386016845703,99.73069763183594,107.34905242919922,112.90599060058594,108.8985595703125,150.0
317,95.47205352783203,92.52404022216797,98.51028442382812,99.67945861816406,98.49434661865234,136.0
318,81.65553283691406,79.48987579345703,84.29841613769531,82.75825500488281,83.67254638671875,116.0
319,76.31656646728516,76.93008422851562,81.29452514648438,78.12814331054688,81.61833953857422,96.0
320,73.84674072265625,69.15829467773438,74.1280517578125,77.21806335449219,73.16880798339844,76.0
321,20.96391487121582,22.545440673828125,23.373851776123047,23.23605728149414,23.261768341064453,56.0
322,20.96391487121582,22.545440673828125,23.373851776123047,23.23605728149414,23.261768341064453,36.0
323,20.96391487121582,22.545440673828125,23.373851776123047,23.23605728149414,23.261768341064453,16.0
324,112.30170440673828,118.95361328125,125.57964324951172,123.14604949951172,118.07341003417969,150.0
325,109.42060089111328,115.1904525756836,120.89579772949219,118.92250061035156,115.30066680908203,150.0
326,107.25548553466797,110.93366241455078,117.09487915039062,115.04649353027344,112.41641998291016,136.0
327,98.70964050292969,96.99217224121094,102.44368743896484,102.38402557373047,98.38475799560547,116.0
328,75.7557144165039,73.60585021972656,77.35163879394531,76.81729125976562,74.31864929199219,96.0
329,60.7256965637207,60.104488372802734,66.02152252197266,63.55498123168945,65.26862335205078,76.0
330,48.50627899169922,50.75784683227539,54.676414489746094,56.37247848510742,55.9499397277832,56.0
331,21.524085998535156,23.019325256347656,23.652708053588867,23.480688095092773,23.453319549560547,36.0
332,21.524085998535156,23.019325256347656,23.652708053588867,23.480688095092773,23.453319549560547,16.0
333,115.591552734375,124.40968322753906,129.39285278320312,124.7151107788086,118.84400177001953,150.0
334,111.68815612792969,119.07763671875,123.06025695800781,119.28763580322266,115.39799499511719,150.0
335,111.18427276611328,116.70790100097656,121.78335571289062,115.49775695800781,114.33075714111328,147.0
336,108.57283020019531,113.3204345703125,117.2237548828125,107.46331787109375,109.14942169189453,127.0
337,91.63282012939453,90.7577896118164,93.4490737915039,84.57555389404297,87.19695281982422,107.0
338,70.5309829711914,69.97270965576172,73.79877471923828,66.443115234375,73.24565124511719,87.0
339,48.68275451660156,49.920291900634766,54.65106964111328,53.27845764160156,56.294952392578125,67.0
340,22.556753158569336,23.891386032104492,24.26123809814453,24.17955207824707,24.08758544921875,47.0
341,22.556753158569336,23.891386032104492,24.26123809814453,24.17955207824707,24.08758544921875,27.0
342,22.556753158569336,23.891386032104492,24.26123809814453,24.17955207824707,24.08758544921875,7.0
343,123.3534927368164,132.94515991210938,135.5252685546875,129.79481506347656,122.89225769042969,150.0
344,123.16280364990234,130.6495361328125,135.33583068847656,126.43287658691406,122.29662322998047,150.0
345,121.25269317626953,128.17489624023438,132.632080078125,123.19515991210938,120.85176849365234,132.0
346,116.35237884521484,121.93177795410156,125.57750701904297,117.79824829101562,116.97720336914062,112.0
347,98.61902618408203,97.93856048583984,98.24211120605469,88.35722351074219,88.88666534423828,92.0
348,71.87600708007812,69.98193359375,73.9036636352539,68.95513916015625,72.65289306640625,72.0
349,33.15570831298828,39.2850341796875,43.54633712768555,46.664249420166016,48.40562438964844,52.0
350,23.769872665405273,24.847126007080078,24.905059814453125,25.03993797302246,24.91980743408203,32.0
351,23.769872665405273,24.847126007080078,24.905059814453125,25.03993797302246,24.91980743408203,12.0
352,135.13026428222656,146.65603637695312,145.23989868164062,139.88536071777344,130.70040893554688,138.0
353,133.46493530273438,140.0445556640625,142.1151580810547,133.27476501464844,128.70603942871094,118.0
354,129.45095825195312,134.97955322265625,136.96876525878906,127.16504669189453,125.71757507324219,98.0
355,116.57908630371094,118.97077178955078,116.28346252441406,103.69417572021484,105.48111724853516,78.0
356,66.53319549560547,70.24665832519531,66.7330551147461,67.40005493164062,65.23182678222656,58.0
357,23.769872665405273,24.847126007080078,24.905059814453125,25.03993797302246,24.91980743408203,38.0
358,23.769872665405273,24.847126007080078,24.905059814453125,25.03993797302246,24.91980743408203,18.0
359,140.38589477539062,146.8266143798828,150.0038299560547,137.64219665527344,133.35678100585938,150.0
360,147.15240478515625,149.36781311035156,149.91685485839844,141.6603240966797,138.6656494140625,150.0
361,140.66357421875,142.4125213623047,142.88568115234375,135.46234130859375,133.8468017578125,150.0
362,130.4396514892578,131.34585571289062,131.66366577148438,125.64450073242188,126.12222290039062,150.0
363,117.30083465576172,113.64360809326172,113.9036865234375,104.48638153076172,112.2260971069336,150.0
364,97.9563217163086,94.79037475585938,99.06560516357422,93.7281723022461,101.12944030761719,136.0
365,94.1699447631836,87.31266784667969,90.13562774658203,98.13673400878906,94.8463363647461,116.0
366,24.64933204650879,25.341655731201172,25.110387802124023,25.61448097229004,25.5387020111084,96.0
367,24.64933204650879,25.341655731201172,25.110387802124023,25.61448097229004,25.5387020111084,76.0
368,24.64933204650879,25.341655731201172,25.110387802124023,25.61448097229004,25.5387020111084,56.0
369,147.36483764648438,157.0843963623047,152.126953125,150.90142822265625,140.4437255859375,150.0
370,159.30447387695312,157.42945861816406,153.4847869873047,150.99691772460938,149.20755004882812,150.0
371,153.67074584960938,151.56092834472656,148.54661560058594,145.54371643066406,145.11224365234375,150.0
372,144.28944396972656,141.95616149902344,139.60653686523438,136.76605224609375,137.6547393798828,134.0
373,129.12387084960938,126.52738952636719,124.80354309082031,116.07377624511719,123.77783966064453,114.0
374,100.29901885986328,93.96287536621094,96.19798278808594,90.9341812133789,99.64802551269531,94.0
375,77.59645080566406,69.92708587646484,72.3444595336914,76.05084991455078,76.42874145507812,74.0
376,26.692094802856445,26.978946685791016,26.485544204711914,27.39348030090332,27.407833099365234,54.0
377,26.692094802856445,26.978946685791016,26.485544204711914,27.39348030090332,27.407833099365234,34.0
378,26.692094802856445,26.978946685791016,26.485544204711914,27.39348030090332,27.407833099365234,14.0
379,163.32843017578125,161.11732482910156,157.09292602539062,153.71353149414062,151.7786865234375,150.0
380,167.11134338378906,160.8302001953125,156.48275756835938,159.14358520507812,159.1597442626953,150.0
381,159.36260986328125,153.24156188964844,149.7306365966797,151.70216369628906,152.57766723632812,150.0
382,148.6611328125,142.93087768554688,140.1315460205078,141.30831909179688,143.34759521484375,135.0
383,133.91094970703125,128.9754638671875,128.14552307128906,125.06210327148438,132.5948944091797,115.0
384,113.2986831665039,105.78672790527344,108.48483276367188,105.40380859375,114.5329360961914,95.0
385,100.36732482910156,89.14708709716797,90.90333557128906,98.38349914550781,96.39942932128906,75.0
386,28.43808937072754,28.42824363708496,27.759119033813477,29.093029022216797,29.15908432006836,55.0
387,28.43808937072754,28.42824363708496,27.759119033813477,29.093029022216797,29.15908432006836,35.0
388,28.43808937072754,28.42824363708496,27.759119033813477,29.093029022216797,29.15908432006836,15.0
389,181.97103881835938,176.85321044921875,169.28880310058594,178.3089599609375,172.5032958984375,150.0
390,172.7889862060547,166.90545654296875,162.59579467773438,171.623779296875,172.06582641601562,150.0
391,164.08712768554688,158.25682067871094,154.7903594970703,162.2821502685547,163.4913787841797,138.0
392,152.2045440673828,146.71966552734375,143.85330200195312,149.46759033203125,151.7692108154297,118.0
393,134.12567138671875,129.34495544433594,127.65676879882812,127.00166320800781,134.3950958251953,98.0
394,103.35840606689453,95.88107299804688,97.47452545166016,95.90210723876953,105.0704116821289,78.0
395,75.56055450439453,69.8482894897461,70.69259643554688,74.22267150878906,75.42691040039062,58.0
396,29.623947143554688,29.52044105529785,28.78548812866211,30.409591674804688,30.492189407348633,38.0
397,29.623947143554688,29.52044105529785,28.78548812866211,30.409591674804688,30.492189407348633,18.0
398,164.43020629882812,158.15850830078125,154.8302764892578,162.07803344726562,163.35421752929688,150.0
399,160.22369384765625,154.0771026611328,152.3943328857422,158.82455444335938,161.19113159179688,150.0
400,146.34034729003906,143.4718780517578,145.5271453857422,152.57943725585938,154.73324584960938,150.0
401,142.06060791015625,139.15850830078125,140.9668731689453,147.13641357421875,149.59442138671875,133.0
402,133.25845336914062,130.37705993652344,132.1516571044922,136.91525268554688,140.0236053466797,113.0
403,118.89932250976562,112.99334716796875,112.91000366210938,111.64916229248047,120.4168701171875,93.0
404,91.89613342285156,77.68107604980469,81.54340362548828,83.26229095458984,86.14961242675781,73.0
405,30.001733779907227,29.99833106994629,29.298994064331055,31.015539169311523,31.008068084716797,53.0
406,30.001733779907227,29.99833106994629,29.298994064331055,31.015539169311523,31.008068084716797,33.0
407,30.001733779907227,29.99833106994629,29.298994064331055,31.015539169311523,31.008068084716797,13.0
408,160.02542114257812,158.17111206054688,158.69557189941406,169.07635498046875,168.8174591064453,150.0
409,157.38336181640625,155.0371856689453,156.41445922851562,165.93991088867188,166.14395141601562,150.0
410,137.69813537597656,139.05621337890625,143.8478240966797,150.6761474609375,149.85244750976562,150.0
411,131.54698181152344,132.29364013671875,136.1208953857422,141.504150390625,141.90826416015625,133.0
412,121.99066925048828,121.98674774169922,124.98025512695312,128.1184844970703,130.93336486816406,113.0
413,107.43565368652344,103.49420166015625,105.51326751708984,103.74146270751953,111.2410659790039,93.0
414,88.96931457519531,80.55020904541016,80.86457061767578,85.50532531738281,82.77262115478516,73.0
415,30.108352661132812,30.296903610229492,29.61113929748535,31.229833602905273,31.066131591796875,53.0
416,30.108352661132812,30.296903610229492,29.61113929748535,31.229833602905273,31.066131591796875,33.0
417,30.108352661132812,30.296903610229492,29.61113929748535,31.229833602905273,31.066131591796875,13.0
418,137.86221313476562,145.9202117919922,145.6471710205078,159.7974853515625,151.33998107910156,150.0
419,137.12673950195312,138.8715057373047,142.45199584960938,149.22808837890625,148.5596466064453,150.0
420,126.13209533691406,129.5338134765625,135.95339965820312,139.26416015625,137.6803741455078,135.0
421,123.49453735351562,126.38016510009766,132.22344970703125,135.16305541992188,134.3189239501953,115.0
422,117.248291015625,119.34746551513672,123.60087585449219,125.95948028564453,126.88573455810547,95.0
423,98.88077545166016,98.33515930175781,97.99742889404297,95.2485580444336,102.31098175048828,75.0
424,61.73918533325195,59.49224853515625,63.68588638305664,62.132999420166016,65.32743835449219,55.0
425,30.29536247253418,30.645776748657227,29.917926788330078,31.277896881103516,30.990711212158203,35.0
426,30.29536247253418,30.645776748657227,29.917926788330078,31.277896881103516,30.990711212158203,15.0
427,130.8314971923828,134.79920959472656,143.55471801757812,147.64785766601562,144.65509033203125,150.0
428,127.1972885131836,130.6976318359375,137.83164978027344,141.26885986328125,139.26234436035156,150.0
429,123.3531494140625,126.25029754638672,131.973876953125,134.77569580078125,133.94664001464844,150.0
430,114.467041015625,117.50588989257812,121.55000305175781,121.9165267944336,121.87779235839844,150.0
431,111.01387023925781,113.24473571777344,117.14038848876953,114.89595031738281,119.02225494384766,150.0
432,107.98591613769531,108.21228790283203,111.98811340332031,108.21808624267578,114.85401153564453,137.0
433,103.39876556396484,106.75191497802734,108.43437957763672,108.57894897460938,111.47325134277344,117.0
434,30.519447326660156,30.960458755493164,30.05133819580078,31.10793685913086,30.71224594116211,97.0
435,30.519447326660156,30.960458755493164,30.05133819580078,31.10793685913086,30.71224594116211,77.0
436,30.519447326660156,30.960458755493164,30.05133819580078,31.10793685913086,30.71224594116211,57.0
437,117.71610260009766,122.043701171875,126.01424407958984,126.0301284790039,125.43057250976562,150.0
438,119.7527084350586,122.72704315185547,129.44273376464844,129.41705322265625,127.67417907714844,150.0
439,120.98518371582031,123.86617279052734,131.7494354248047,131.67913818359375,129.36080932617188,133.0
440,123.31717681884766,127.52616119384766,131.05313110351562,128.2222442626953,125.57621765136719,113.0
441,118.51109313964844,122.65361785888672,124.34622955322266,122.28994750976562,121.43485260009766,93.0
442,102.8160400390625,109.2257080078125,99.5662841796875,93.16888427734375,98.58439636230469,73.0
443,55.56284713745117,56.7825927734375,57.12300109863281,59.4907341003418,54.20872116088867,53.0
444,32.0299072265625,32.5093879699707,31.32943344116211,32.09441375732422,31.61518669128418,33.0
445,32.0299072265625,32.5093879699707,31.32943344116211,32.09441375732422,31.61518669128418,13.0
446,126.52027130126953,134.85076904296875,135.54400634765625,131.84202575683594,128.3382568359375,117.0
447,122.91809844970703,130.34121704101562,130.55368041992188,127.50318145751953,125.26300811767578,97.0
448,116.87435150146484,122.6738052368164,121.71836853027344,119.62097930908203,119.65765380859375,77.0
449,84.47474670410156,93.20142364501953,77.74075317382812,80.08245849609375,76.32295227050781,57.0
450,46.660987854003906,52.32545852661133,52.109134674072266,50.91899871826172,50.37678909301758,37.0
451,32.7711181640625,33.08476638793945,31.767635345458984,32.34626388549805,31.81511878967285,17.0
452,117.70948028564453,123.84367370605469,122.22726440429688,120.940185546875,116.60926818847656,127.0
453,118.2951431274414,121.71692657470703,122.34477233886719,118.77667236328125,116.71326446533203,107.0
454,116.18883514404297,119.11370849609375,119.81121826171875,116.87904357910156,115.64508819580078,87.0
455,107.18343353271484,111.24806213378906,101.80989074707031,92.73391723632812,97.54753875732422,67.0
456,51.59107208251953,54.16543960571289,56.546390533447266,54.77180862426758,52.98496627807617,47.0
457,32.7711181640625,33.08476638793945,31.767635345458984,32.34626388549805,31.81511878967285,27.0
458,32.7711181640625,33.08476638793945,31.767635345458984,32.34626388549805,31.81511878967285,7.0
459,125.56548309326172,129.0539093017578,131.6359405517578,125.92619323730469,120.59925079345703,150.0
460,116.19207763671875,114.39213562011719,117.42427825927734,113.8862075805664,111.12773132324219,150.0
461,113.28630828857422,112.27122497558594,114.26445770263672,111.80058288574219,110.52317810058594,150.0
462,110.24848937988281,109.94953918457031,110.92970275878906,108.23075103759766,109.87010192871094,150.0
463,101.69335174560547,107.26414489746094,96.4408187866211,89.26177215576172,94.22097778320312,131.0
464,86.61958312988281,88.47157287597656,86.40713500976562,82.801025390625,87.49224853515625,111.0
465,80.77843475341797,80.2532730102539,79.15813446044922,79.59732055664062,78.15853881835938,91.0
466,33.06413650512695,33.1363525390625,31.742107391357422,32.22603225708008,31.686155319213867,71.0
467,33.06413650512695,33.1363525390625,31.742107391357422,32.22603225708008,31.686155319213867,51.0
468,33.06413650512695,33.1363525390625,31.742107391357422,32.22603225708008,31.686155319213867,31.0
469,112.91594696044922,112.79872131347656,113.66368103027344,112.61642456054688,110.42381286621094,150.0
470,118.0887680053711,115.92794036865234,115.505859375,112.18299102783203,110.9263916015625,132.0
471,117.9123306274414,115.47564697265625,115.45881652832031,112.14385986328125,110.9033203125,112.0
472,114.17241668701172,112.65103912353516,112.16969299316406,110.09497833251953,110.26813507080078,92.0
473,94.26837921142578,101.04975891113281,89.11304473876953,84.1407470703125,86.80055236816406,72.0
474,47.429447174072266,51.47731399536133,51.8364372253418,49.84013748168945,48.81617736816406,52.0
475,34.204952239990234,34.11594772338867,32.606529235839844,33.0283203125,32.501529693603516,32.0
476,34.204952239990234,34.11594772338867,32.606529235839844,33.0283203125,32.501529693603516,12.0
477,117.6286392211914,118.14014434814453,115.42718505859375,113.21916198730469,110.88164520263672,150.0
478,117.86315155029297,116.5831069946289,115.24018859863281,111.9858627319336,110.8570327758789,145.0
479,118.06291961669922,116.27213287353516,115.55740356445312,112.21656036376953,110.92552185058594,125.0
480,119.48109436035156,119.64179992675781,114.82589721679688,112.37824249267578,112.75692749023438,105.0
481,108.0946044921875,112.41520690917969,99.98284149169922,94.36384582519531,94.4315414428711,85.0
482,76.22127532958984,77.41778564453125,73.99508666992188,68.96322631835938,71.70252227783203,65.0
483,35.234249114990234,35.046077728271484,33.452049255371094,33.87678909301758,33.38241195678711,45.0
484,35.234249114990234,35.046077728271484,33.452049255371094,33.87678909301758,33.38241195678711,25.0
485,35.234249114990234,35.046077728271484,33.452049255371094,33.87678909301758,33.38241195678711,5.0
486,124.64444732666016,125.30613708496094,118.6896743774414,114.79987335205078,114.01454162597656,150.0
487,122.51642608642578,122.81047058105469,117.0863265991211,113.82405853271484,113.48616790771484,140.0
488,119.3860855102539,119.66667175292969,114.6632308959961,112.28418731689453,112.66434478759766,120.0
489,114.21893310546875,114.77495574951172,110.07829284667969,103.85846710205078,103.22135162353516,100.0
490,90.81834411621094,98.11611938476562,86.373046875,85.24229431152344,84.71797180175781,80.0
491,62.36085510253906,63.534210205078125,61.1411247253418,57.33125686645508,58.13093566894531,60.0
492,35.982200622558594,35.69541931152344,34.16347122192383,34.65867614746094,34.19668960571289,40.0
493,35.982200622558594,35.69541931152344,34.16347122192383,34.65867614746094,34.19668960571289,20.0
494,35.982200622558594,35.69541931152344,34.16347122192383,34.65867614746094,34.19668960571289,0.0
495,128.37559509277344,130.2396697998047,120.79409790039062,117.67574310302734,117.81634521484375,150.0
496,126.25254821777344,127.1489028930664,119.39790344238281,116.7189712524414,117.21229553222656,134.0
497,123.89215087890625,124.61078643798828,117.67525482177734,115.4953842163086,116.26544952392578,114.0
498,118.85417175292969,119.76485443115234,113.84980010986328,111.88029479980469,109.68426513671875,94.0
499,94.42633819580078,102.60480499267578,88.62380981445312,86.54865264892578,85.20829772949219,74.0
500,51.72581481933594,53.01662826538086,55.11529541015625,51.865352630615234,49.701698303222656,54.0
501,36.331871032714844,35.90525436401367,34.61725997924805,35.210872650146484,34.787353515625,34.0
502,36.331871032714844,35.90525436401367,34.61725997924805,35.210872650146484,34.787353515625,14.0
503,130.03330993652344,130.6476287841797,123.6084213256836,121.52046203613281,121.99746704101562,150.0
504,126.85172271728516,126.87724304199219,121.09024047851562,119.54060363769531,120.43353271484375,150.0
505,123.88215637207031,123.38199615478516,118.96107482910156,117.92719268798828,119.34117126464844,150.0
506,120.98872375488281,120.02657318115234,117.20393371582031,116.59408569335938,118.32962036132812,150.0
507,118.96487426757812,117.47844696044922,116.40491485595703,115.40973663330078,117.74150085449219,150.0
508,117.47405242919922,116.7418441772461,116.02289581298828,115.06636047363281,117.56777954101562,150.0
509,116.84925842285156,116.91188049316406,115.94282531738281,115.43399047851562,117.56047058105469,143.0
510,37.069759368896484,36.55031204223633,35.537261962890625,36.23970413208008,35.828067779541016,123.0
511,37.069759368896484,36.55031204223633,35.537261962890625,36.23970413208008,35.828067779541016,103.0
512,37.069759368896484,36.55031204223633,35.537261962890625,36.23970413208008,35.828067779541016,83.0
513,136.03404235839844,146.6493682861328,130.06576538085938,129.9741973876953,126.85812377929688,133.0
514,135.13424682617188,142.70257568359375,129.42791748046875,128.65431213378906,126.9466552734375,113.0
515,130.64248657226562,137.12442016601562,125.45729064941406,125.15302276611328,122.95803833007812,93.0
516,106.43089294433594,122.23270416259766,98.38572692871094,97.61785888671875,86.87901306152344,73.0
517,68.5726318359375,75.71865844726562,63.99484634399414,73.2187728881836,63.23626708984375,53.0
518,37.069759368896484,36.55031204223633,35.537261962890625,36.23970413208008,35.828067779541016,33.0
519,37.069759368896484,36.55031204223633,35.537261962890625,36.23970413208008,35.828067779541016,13.0
520,140.98536682128906,149.65553283691406,137.2677001953125,137.50131225585938,134.0391845703125,150.0
521,142.08612060546875,147.2598419189453,137.99049377441406,137.53631591796875,135.3419647216797,150.0
522,139.84060668945312,143.72012329101562,135.7828826904297,135.3822021484375,133.77456665039062,139.0
523,133.21200561523438,136.34100341796875,129.61744689941406,129.76731872558594,124.48856353759766,119.0
524,111.58827209472656,123.7056884765625,108.23592376708984,109.24867248535156,99.37496948242188,99.0
525,84.29991912841797,88.50215911865234,83.89948272705078,86.2152099609375,82.60262298583984,79.0
526,60.09701919555664,62.198570251464844,62.898292541503906,60.33917236328125,58.785247802734375,59.0
527,38.240238189697266,37.47084426879883,36.99473571777344,37.762481689453125,37.46241760253906,39.0
528,38.240238189697266,37.47084426879883,36.99473571777344,37.762481689453125,37.46241760253906,19.0
529,132.828125,144.3696746826172,129.90109252929688,132.46353149414062,123.218017578125,117.0
530,139.98036193847656,143.6793670654297,140.07933044433594,141.13194274902344,137.11361694335938,97.0
531,130.4296112060547,133.9092559814453,130.41502380371094,132.28097534179688,117.36994934082031,77.0
532,77.66203308105469,89.39381408691406,73.916015625,82.09996795654297,62.73286437988281,57.0
533,50.757686614990234,53.13441848754883,54.27493667602539,53.31938171386719,51.33045196533203,37.0
534,39.11424255371094,37.947509765625,38.20685958862305,39.01582717895508,38.922332763671875,17.0
535,142.2603302001953,144.59112548828125,141.39891052246094,142.01461791992188,139.98187255859375,150.0
536,143.31829833984375,142.75823974609375,141.67689514160156,141.74874877929688,141.07037353515625,150.0
537,142.52670288085938,140.55215454101562,140.49676513671875,140.36367797851562,140.3278350830078,148.0
538,138.1576690673828,135.63507080078125,136.08473205566406,136.12799072265625,135.55027770996094,128.0
539,127.79478454589844,127.3303451538086,127.46294403076172,128.40768432617188,121.90208435058594,108.0
540,104.49398040771484,104.53545379638672,107.74957275390625,109.75151062011719,107.73603057861328,88.0
541,80.6220932006836,78.70814514160156,82.03296661376953,82.2876205444336,79.65340423583984,68.0
542,39.401588439941406,37.8029670715332,38.81504821777344,39.62583541870117,39.87068176269531,48.0
543,39.401588439941406,37.8029670715332,38.81504821777344,39.62583541870117,39.87068176269531,28.0
544,39.401588439941406,37.8029670715332,38.81504821777344,39.62583541870117,39.87068176269531,8.0
545,138.23806762695312,140.08828735351562,142.42259216308594,144.89028930664062,136.96368408203125,150.0
546,138.80245971679688,139.68312072753906,142.72804260253906,144.81600952148438,138.21798706054688,150.0
547,134.75863647460938,135.6324920654297,138.3783416748047,140.5903778076172,128.6657257080078,150.0
548,117.9625473022461,127.4296875,124.2239761352539,129.00433349609375,108.2364501953125,133.0
549,89.86546325683594,102.90826416015625,92.98760223388672,98.08390808105469,83.53889465332031,113.0
550,71.05196380615234,75.1385269165039,76.94699096679688,82.00911712646484,79.22642517089844,93.0
551,60.88569641113281,62.36320495605469,63.58349609375,63.613494873046875,63.77222442626953,73.0
552,39.64176559448242,37.63081359863281,39.286476135253906,40.03485107421875,40.75646209716797,53.0
553,39.64176559448242,37.63081359863281,39.286476135253906,40.03485107421875,40.75646209716797,33.0
554,39.64176559448242,37.63081359863281,39.286476135253906,40.03485107421875,40.75646209716797,13.0
555,132.52638244628906,133.06849670410156,139.888916015625,142.78318786621094,135.40103149414062,150.0
556,122.75971221923828,128.4918670654297,133.49835205078125,137.63111877441406,124.4155044555664,150.0
557,112.11433410644531,123.63507843017578,120.55899047851562,126.41124725341797,111.92709350585938,150.0
558,98.60857391357422,112.83582305908203,103.85977935791016,109.07278442382812,97.05013275146484,133.0
559,87.29588317871094,94.078125,92.37792205810547,98.14141845703125,92.23271179199219,113.0
560,95.7093505859375,91.2638168334961,100.2506332397461,102.56131744384766,108.03502655029297,93.0
561,102.72457885742188,98.4307861328125,102.26319885253906,104.50508117675781,105.93757629394531,73.0
562,40.234169006347656,37.7704963684082,39.97710418701172,40.58026123046875,41.875282287597656,53.0
563,40.234169006347656,37.7704963684082,39.97710418701172,40.58026123046875,41.875282287597656,33.0
564,40.234169006347656,37.7704963684082,39.97710418701172,40.58026123046875,41.875282287597656,13.0
565,134.34861755371094,132.817138671875,137.91278076171875,142.64222717285156,141.69761657714844,146.0
566,135.62701416015625,128.94822692871094,140.20883178710938,142.3248291015625,150.0404052734375,126.0
567,134.08790588378906,127.07271575927734,138.674560546875,140.66563415527344,146.72537231445312,106.0
568,110.19164276123047,114.31436920166016,112.10487365722656,114.45527648925781,115.78742980957031,86.0
569,65.82341003417969,76.36238098144531,60.87889862060547,74.77352142333984,65.47666931152344,66.0
570,49.491546630859375,49.39313507080078,52.17621612548828,51.3682746887207,51.50638961791992,46.0
571,40.43715286254883,37.64054489135742,40.235694885253906,40.59584426879883,42.344688415527344,26.0
572,40.43715286254883,37.64054489135742,40.235694885253906,40.59584426879883,42.344688415527344,6.0
573,146.74903869628906,130.0260467529297,148.99159240722656,146.46017456054688,163.29490661621094,150.0
574,145.2710418701172,128.3606719970703,147.09149169921875,144.91429138183594,160.68162536621094,150.0
575,140.33743286132812,124.92176818847656,141.11016845703125,139.73365783691406,152.2052459716797,150.0
576,125.82975769042969,118.46192169189453,126.42987823486328,125.65373992919922,135.11573791503906,149.0
577,108.1507339477539,101.06047058105469,110.04536437988281,111.44082641601562,119.8713150024414,129.0
578,101.44393157958984,94.11115264892578,104.70877075195312,105.67593383789062,113.70044708251953,109.0
579,92.13021850585938,86.75630187988281,90.04876708984375,90.90403747558594,92.62643432617188,89.0
580,40.56980514526367,37.712562561035156,40.39522933959961,40.54853820800781,42.45584487915039,69.0
581,40.56980514526367,37.712562561035156,40.39522933959961,40.54853820800781,42.45584487915039,49.0
582,40.56980514526367,37.712562561035156,40.39522933959961,40.54853820800781,42.45584487915039,29.0
583,165.33013916015625,140.09442138671875,165.28819274902344,158.88722229003906,181.45516967773438,150.0
584,155.490478515625,133.4665069580078,154.7551727294922,149.88401794433594,169.73536682128906,150.0
585,144.16322326660156,126.0589599609375,141.66268920898438,136.62350463867188,151.90826416015625,150.0
586,120.17815399169922,109.72753143310547,114.11227416992188,109.94711303710938,121.01102447509766,130.0
587,91.52865600585938,82.92825317382812,87.39220428466797,87.07908630371094,94.80038452148438,110.0
588,81.27204132080078,74.70426940917969,82.3132095336914,83.73307800292969,90.59307098388672,90.0
589,71.24657440185547,70.41148376464844,72.56582641601562,71.3563461303711,73.68966674804688,70.0
590,40.84797668457031,38.25472640991211,40.728355407714844,40.762516021728516,42.498043060302734,50.0
591,40.84797668457031,38.25472640991211,40.728355407714844,40.762516021728516,42.498043060302734,30.0
592,40.84797668457031,38.25472640991211,40.728355407714844,40.762516021728516,42.498043060302734,10.0
593,151.07078552246094,139.021728515625,146.56497192382812,144.89170837402344,148.46070861816406,134.0
594,139.85841369628906,128.4412841796875,131.9953155517578,125.9374008178711,133.83668518066406,114.0
595,123.92768096923828,114.51736450195312,115.6703872680664,111.19853210449219,117.09162902832031,94.0
596,96.85537719726562,87.83694458007812,90.72441864013672,89.6096420288086,93.90914154052734,74.0
597,67.47872924804688,55.86466598510742,62.93996810913086,56.21017837524414,58.55731201171875,54.0
598,40.84797668457031,38.25472640991211,40.728355407714844,40.762516021728516,42.498043060302734,34.0
599,40.84797668457031,38.25472640991211,40.728355407714844,40.762516021728516,42.498043060302734,14.0
600,158.03948974609375,149.40524291992188,155.2458953857422,153.2489776611328,152.12806701660156,150.0
601,141.7998046875,136.7718048095703,133.91525268554688,134.04689025878906,125.21379089355469,150.0
602,131.1581268310547,127.23124694824219,123.43788146972656,119.64059448242188,115.11796569824219,150.0
603,118.76885986328125,114.61402893066406,111.75189208984375,108.95179748535156,105.50335693359375,150.0
604,105.15423583984375,100.1373291015625,103.23198699951172,103.5513916015625,103.71179962158203,131.0
605,104.48983001708984,99.11610412597656,108.00830841064453,108.15208435058594,112.50434875488281,111.0
606,104.47476959228516,101.6193618774414,103.35453796386719,103.63385009765625,103.43080139160156,91.0
607,40.46830368041992,38.33545684814453,40.50078201293945,40.4749755859375,41.932491302490234,71.0
608,40.46830368041992,38.33545684814453,40.50078201293945,40.4749755859375,41.932491302490234,51.0
609,40.46830368041992,38.33545684814453,40.50078201293945,40.4749755859375,41.932491302490234,31.0
610,159.6033935546875,156.52066040039062,159.698486328125,158.45167541503906,154.24072265625,150.0
611,155.84246826171875,148.79396057128906,156.50868225097656,153.5867919921875,147.01162719726562,150.0
612,151.96327209472656,143.81271362304688,151.8877716064453,149.8738250732422,141.26080322265625,139.0
613,141.0384979248047,136.0583953857422,138.10084533691406,135.81732177734375,125.01478576660156,119.0
614,111.39208984375,111.81974792480469,105.99073028564453,104.55296325683594,95.38447570800781,99.0
615,81.9339599609375,79.87491607666016,81.39218139648438,83.05911254882812,77.25856018066406,79.0
616,57.91704177856445,59.917144775390625,58.35872268676758,55.06574249267578,53.91746139526367,59.0
617,40.47346496582031,38.88111877441406,40.710811614990234,40.65663146972656,41.88553237915039,39.0
618,40.47346496582031,38.88111877441406,40.710811614990234,40.65663146972656,41.88553237915039,19.0
619,134.48220825195312,132.64634704589844,131.265625,129.3960418701172,123.40550231933594,150.0
620,153.53575134277344,147.71725463867188,156.66311645507812,154.98281860351562,157.39553833007812,145.0
621,160.0999298095703,152.7853240966797,163.78660583496094,160.87481689453125,167.25706481933594,125.0
622,155.93809509277344,149.02371215820312,159.13253784179688,156.53329467773438,159.9925994873047,105.0
623,133.52200317382812,133.9154510498047,134.690185546875,134.03030395507812,129.4370880126953,85.0
624,93.15030670166016,92.83682250976562,95.07711029052734,96.52465057373047,95.3376693725586,65.0
625,47.60211181640625,50.05373001098633,49.170021057128906,49.01419448852539,47.593910217285156,45.0
626,40.206214904785156,39.201717376708984,40.66037368774414,40.61687469482422,41.78700256347656,25.0
627,40.206214904785156,39.201717376708984,40.66037368774414,40.61687469482422,41.78700256347656,5.0
628,152.35247802734375,151.63656616210938,157.0385284423828,156.31143188476562,153.7359161376953,150.0
629,160.52333068847656,156.23387145996094,165.1215057373047,162.75331115722656,166.8953399658203,150.0
630,150.4629669189453,153.17059326171875,155.3603973388672,155.92233276367188,153.34226989746094,150.0
631,141.85838317871094,144.62191772460938,144.36676025390625,146.48948669433594,135.3179473876953,134.0
632,111.72685241699219,124.25143432617188,112.707763671875,116.52652740478516,105.86604309082031,114.0
633,79.79722595214844,85.81209564208984,81.19041442871094,85.73990631103516,77.91654968261719,94.0
634,46.4940071105957,49.04177474975586,47.8903923034668,47.75373840332031,45.254981994628906,74.0
635,39.12131881713867,38.73760223388672,39.68043899536133,39.66893005371094,40.743865966796875,54.0
636,39.12131881713867,38.73760223388672,39.68043899536133,39.66893005371094,40.743865966796875,34.0
637,39.12131881713867,38.73760223388672,39.68043899536133,39.66893005371094,40.743865966796875,14.0
638,140.52256774902344,153.89804077148438,143.10020446777344,149.5188751220703,133.36129760742188,150.0
639,143.1648712158203,151.41854858398438,147.9796142578125,151.92868041992188,139.35179138183594,148.0
640,137.8988800048828,148.38238525390625,141.7970428466797,146.73011779785156,137.52035522460938,128.0
641,125.13008880615234,139.2761688232422,127.08119201660156,133.64707946777344,120.39994812011719,108.0
642,95.00360107421875,110.49585723876953,95.77667236328125,101.20646667480469,93.04412841796875,88.0
643,76.03534698486328,77.31092071533203,71.74547576904297,68.18889617919922,60.693302154541016,68.0
644,38.16852951049805,38.20252227783203,38.75886535644531,38.707664489746094,39.87998962402344,48.0
645,38.16852951049805,38.20252227783203,38.75886535644531,38.707664489746094,39.87998962402344,28.0
646,38.16852951049805,38.20252227783203,38.75886535644531,38.707664489746094,39.87998962402344,8.0
647,141.347412109375,157.37261962890625,145.65818786621094,151.53628540039062,144.95555114746094,150.0
648,125.02395629882812,145.35848999023438,130.36325073242188,140.8353729248047,124.17693328857422,138.0
649,109.67435455322266,135.56887817382812,112.44475555419922,122.3431625366211,106.6631851196289,118.0
650,85.43490600585938,106.7528305053711,80.74337005615234,86.9127426147461,81.30850982666016,98.0
651,60.118446350097656,77.88776397705078,53.81026077270508,66.33206176757812,58.32035827636719,78.0
652,45.50918197631836,52.83809280395508,46.60696792602539,46.0029411315918,45.69309616088867,58.0
653,37.131675720214844,37.21015548706055,37.69850540161133,37.480709075927734,38.9432373046875,38.0
654,37.131675720214844,37.21015548706055,37.69850540161133,37.480709075927734,38.9432373046875,18.0
655,128.17176818847656,144.02957153320312,128.994873046875,136.99270629882812,134.90370178222656,150.0
656,115.05467987060547,135.08590698242188,114.74880981445312,122.40988159179688,118.63518524169922,150.0
657,114.06494903564453,132.86102294921875,114.61190795898438,120.62629699707031,116.80665588378906,150.0
658,108.88433837890625,128.01687622070312,107.70694732666016,112.14713287353516,108.09503173828125,133.0
659,97.73568725585938,111.40674591064453,98.01441955566406,101.97333526611328,100.14434814453125,113.0
660,96.15875244140625,98.44847869873047,100.07003021240234,100.46685028076172,104.15593719482422,93.0
661,87.40711975097656,90.59663391113281,85.62356567382812,85.16910552978516,83.47057342529297,73.0
662,36.57772445678711,36.352909088134766,37.16144943237305,36.65654373168945,38.4674072265625,53.0
663,36.57772445678711,36.352909088134766,37.16144943237305,36.65654373168945,38.4674072265625,33.0
664,36.57772445678711,36.352909088134766,37.16144943237305,36.65654373168945,38.4674072265625,13.0
665,143.26513671875,142.70919799804688,148.08006286621094,143.96438598632812,164.9307098388672,150.0
666,128.11119079589844,131.6923828125,131.80332946777344,128.96023559570312,140.98533630371094,150.0
667,112.15830993652344,124.55915832519531,114.16911315917969,112.24639892578125,121.74372863769531,150.0
668,98.7754135131836,110.9197006225586,99.43557739257812,98.07562255859375,104.84561920166016,137.0
669,84.97891998291016,92.90849304199219,86.60816192626953,86.92626953125,91.661865234375,117.0
670,86.82804107666016,86.28144073486328,92.12039184570312,91.69097137451172,96.04349517822266,97.0
671,79.93701171875,83.26876068115234,79.12059020996094,77.66009521484375,77.1753921508789,77.0
672,36.34880828857422,35.76364517211914,36.900875091552734,36.174530029296875,38.1096076965332,57.0
673,36.34880828857422,35.76364517211914,36.900875091552734,36.174530029296875,38.1096076965332,37.0
674,36.34880828857422,35.76364517211914,36.900875091552734,36.174530029296875,38.1096076965332,17.0
675,151.46893310546875,139.11549377441406,153.620849609375,145.8151397705078,176.3342742919922,134.0
676,143.93817138671875,132.18167114257812,149.3823699951172,141.5729217529297,166.53640747070312,114.0
677,134.1449737548828,124.9204330444336,137.84576416015625,130.9783172607422,148.36500549316406,94.0
678,96.10240173339844,91.4229736328125,93.88935852050781,88.06922149658203,98.3956069946289,74.0
679,63.715858459472656,63.07967758178711,60.9172248840332,62.53953170776367,60.31367492675781,54.0
680,35.79878616333008,35.02702713012695,36.273075103759766,35.46173095703125,37.144615173339844,34.0
681,35.79878616333008,35.02702713012695,36.273075103759766,35.46173095703125,37.144615173339844,14.0
682,150.83387756347656,131.31640625,151.20376586914062,141.7415313720703,168.14840698242188,115.0
683,133.78921508789062,117.7950439453125,136.43505859375,124.95384979248047,135.49916076660156,95.0
684,117.77236938476562,101.84356689453125,120.35967254638672,109.58911895751953,115.67472076416016,75.0
685,83.31110382080078,79.03223419189453,87.83777618408203,85.4526138305664,87.40680694580078,55.0
686,44.769996643066406,46.62031555175781,43.30677032470703,42.064876556396484,44.095252990722656,35.0
687,35.79878616333008,35.02702713012695,36.273075103759766,35.46173095703125,37.144615173339844,15.0
688,165.107666015625,140.90744018554688,171.35916137695312,156.84051513671875,184.53021240234375,135.0
689,152.77499389648438,132.49229431152344,157.98873901367188,146.65284729003906,169.6903533935547,115.0
690,130.26351928710938,114.41925811767578,132.21588134765625,126.00048065185547,122.25624084472656,95.0
691,100.74195861816406,83.85376739501953,92.78865051269531,86.5354232788086,88.59278869628906,75.0
692,61.890445709228516,56.88673782348633,59.03125,62.439327239990234,60.53294372558594,55.0
693,34.3751106262207,33.823486328125,34.686588287353516,34.04752731323242,35.06870651245117,35.0
694,34.3751106262207,33.823486328125,34.686588287353516,34.04752731323242,35.06870651245117,15.0
695,147.91091918945312,131.9998779296875,150.51161193847656,143.6938018798828,154.77577209472656,150.0
696,134.47702026367188,122.19261932373047,136.58949279785156,132.42752075195312,136.90359497070312,150.0
697,125.14310455322266,114.42940521240234,126.81314086914062,123.68609619140625,120.42403411865234,150.0
698,112.80354309082031,104.78215789794922,117.73951721191406,114.44519805908203,111.92728424072266,150.0
699,105.13462829589844,101.68611145019531,111.17052459716797,110.50765228271484,109.27935791015625,150.0
700,102.61376190185547,104.03771209716797,105.1694107055664,110.3067398071289,100.1390151977539,150.0
701,103.78606414794922,107.14012145996094,102.46177673339844,108.83657836914062,103.90995025634766,143.0
702,33.14468002319336,33.04640197753906,33.29252624511719,32.89554214477539,33.29108810424805,123.0
703,33.14468002319336,33.04640197753906,33.29252624511719,32.89554214477539,33.29108810424805,103.0
704,33.14468002319336,33.04640197753906,33.29252624511719,32.89554214477539,33.29108810424805,83.0
705,122.72032928466797,114.18621826171875,122.85135650634766,120.55240631103516,107.5085220336914,150.0
706,118.4101333618164,110.52875518798828,119.32642364501953,118.18356323242188,108.97085571289062,150.0
707,117.43609619140625,114.53277587890625,119.74203491210938,122.02733612060547,115.45751953125,150.0
708,118.63811492919922,117.31953430175781,121.38115692138672,124.2746810913086,123.10174560546875,150.0
709,118.68852233886719,117.96727752685547,121.53366088867188,124.77472686767578,125.76913452148438,150.0
710,119.06718444824219,121.30601501464844,120.45362091064453,125.512451171875,126.64369201660156,150.0
711,118.4091796875,120.84905242919922,119.1185531616211,124.13381958007812,126.4383544921875,150.0
712,33.746986389160156,34.06767272949219,33.70264434814453,33.5285530090332,33.47063446044922,150.0
713,33.746986389160156,34.06767272949219,33.70264434814453,33.5285530090332,33.47063446044922,150.0
714,33.746986389160156,34.06767272949219,33.70264434814453,33.5285530090332,33.47063446044922,136.0
715,125.63713073730469,118.89869689941406,124.22167205810547,124.40211486816406,104.41184997558594,150.0
716,128.70973205566406,125.30145263671875,127.3466796875,129.83782958984375,121.11808776855469,150.0
717,131.65077209472656,129.0807647705078,130.28887939453125,133.4069061279297,131.23995971679688,142.0
718,131.24835205078125,128.10009765625,129.84695434570312,132.77964782714844,129.430908203125,122.0
719,125.06251525878906,121.0393295288086,123.96211242675781,126.17556762695312,111.05001068115234,102.0
720,102.60856628417969,96.64512634277344,100.84500885009766,99.35256958007812,82.3670425415039,82.0
721,60.557193756103516,56.01777267456055,56.10357666015625,60.38317108154297,56.39930725097656,62.0
722,36.211036682128906,36.91477584838867,35.978511810302734,35.98621368408203,35.678199768066406,42.0
723,36.211036682128906,36.91477584838867,35.978511810302734,35.98621368408203,35.678199768066406,22.0
724,36.211036682128906,36.91477584838867,35.978511810302734,35.98621368408203,35.678199768066406,2.0
725,144.3136749267578,135.45223999023438,136.16847229003906,139.1929168701172,131.5015869140625,136.0
726,135.44186401367188,128.34396362304688,130.85086059570312,133.23040771484375,115.88925170898438,116.0
727,126.42507934570312,120.53804779052734,123.94672393798828,125.30404663085938,96.75536346435547,96.0
728,98.70101928710938,84.6557388305664,91.96197509765625,87.76042175292969,72.28372192382812,76.0
729,57.23025894165039,55.158363342285156,53.080379486083984,52.92881774902344,51.519683837890625,56.0
730,37.90721130371094,39.112953186035156,37.615787506103516,37.76025390625,37.49159240722656,36.0
731,37.90721130371094,39.112953186035156,37.615787506103516,37.76025390625,37.49159240722656,16.0
732,138.2315673828125,134.10324096679688,131.02626037597656,135.36561584472656,123.84228515625,150.0
733,131.4763641357422,131.43507385253906,128.4274444580078,132.50819396972656,109.3501968383789,145.0
734,130.15443420410156,131.64915466308594,127.50850677490234,132.0117645263672,107.0899887084961,125.0
735,124.87944030761719,126.25402069091797,122.8431167602539,126.27107238769531,99.24453735351562,105.0
736,102.69463348388672,98.37837982177734,101.2467041015625,100.34574890136719,83.0631103515625,85.0
737,73.6698226928711,80.15441131591797,74.42568969726562,69.79946899414062,60.11979675292969,65.0
738,37.90721130371094,39.112953186035156,37.615787506103516,37.76025390625,37.49159240722656,45.0
739,37.90721130371094,39.112953186035156,37.615787506103516,37.76025390625,37.49159240722656,25.0
740,39.22393798828125,40.86003494262695,38.93764114379883,39.15974426269531,39.222412109375,5.0
741,137.92005920410156,140.34487915039062,133.15887451171875,138.07835388183594,132.88050842285156,150.0
742,134.15663146972656,138.89524841308594,131.39169311523438,136.7995147705078,126.68550109863281,150.0
743,130.3857879638672,135.18206787109375,128.2708282470703,133.60317993164062,120.37808990478516,140.0
744,124.21827697753906,125.83842468261719,122.7398452758789,126.60111236572266,107.14205169677734,120.0
745,105.04867553710938,100.50383758544922,102.95868682861328,101.8051986694336,89.47657012939453,100.0
746,80.78919219970703,86.62531280517578,84.14025115966797,86.50587463378906,82.32897186279297,80.0
747,53.77903747558594,67.1212387084961,55.85853576660156,55.3640022277832,56.74013900756836,60.0
748,39.22393798828125,40.86003494262695,38.93764114379883,39.15974426269531,39.222412109375,40.0
749,39.22393798828125,40.86003494262695,38.93764114379883,39.15974426269531,39.222412109375,20.0
750,40.26045227050781,42.193546295166016,40.01704406738281,40.23424530029297,40.75503158569336,0.0
