,0,1,2,3,4,5,6,7,8,9,10,11,12,13,14,15
0,105.8912582397461,118.29843139648438,120.204345703125,120.35749816894531,120.34278106689453,120.3349609375,120.33316802978516,120.33222961425781,120.33111572265625,120.32984924316406,120.32852172851562,120.32720947265625,120.325927734375,120.32466125488281,120.32340240478516,150.0
1,105.8912582397461,118.29843139648438,120.204345703125,120.35749816894531,120.34278106689453,120.3349609375,120.33316802978516,120.33222961425781,120.33111572265625,120.32984924316406,120.32852172851562,120.32720947265625,120.325927734375,120.32466125488281,120.32340240478516,150.0
2,105.8912582397461,118.29843139648438,120.204345703125,120.35749816894531,120.34278106689453,120.3349609375,120.33316802978516,120.33222961425781,120.33111572265625,120.32984924316406,120.32852172851562,120.32720947265625,120.325927734375,120.32466125488281,120.32340240478516,141.0
3,105.8912582397461,118.29843139648438,120.204345703125,120.35749816894531,120.34278106689453,120.3349609375,120.33316802978516,120.33222961425781,120.33111572265625,120.32984924316406,120.32852172851562,120.32720947265625,120.325927734375,120.32466125488281,120.32340240478516,121.0
4,105.8912582397461,118.29843139648438,120.204345703125,120.35749816894531,120.34278106689453,120.3349609375,120.33316802978516,120.33222961425781,120.33111572265625,120.32984924316406,120.32852172851562,120.32720947265625,120.325927734375,120.32466125488281,120.32340240478516,101.0
5,105.8912582397461,118.29843139648438,120.204345703125,120.35749816894531,120.34278106689453,120.3349609375,120.33316802978516,120.33222961425781,120.33111572265625,120.32984924316406,120.32852172851562,120.32720947265625,120.325927734375,120.32466125488281,120.32340240478516,81.0
6,105.8912582397461,118.29843139648438,120.204345703125,120.35749816894531,120.34278106689453,120.3349609375,120.33316802978516,120.33222961425781,120.33111572265625,120.32984924316406,120.32852172851562,120.32720947265625,120.325927734375,120.32466125488281,120.32340240478516,61.0
7,102.04300689697266,114.67739868164062,116.96437072753906,117.14561462402344,117.1078872680664,117.08763122558594,117.081787109375,117.07987213134766,117.07866668701172,117.07756042480469,117.07646942138672,117.07539367675781,117.07437896728516,117.07334899902344,117.07234954833984,41.0
8,102.04300689697266,114.67739868164062,116.96437072753906,117.14561462402344,117.1078872680664,117.08763122558594,117.081787109375,117.07987213134766,117.07866668701172,117.07756042480469,117.07646942138672,117.07539367675781,117.07437896728516,117.07334899902344,117.07234954833984,21.0
9,102.04300689697266,114.67739868164062,116.96437072753906,117.14561462402344,117.1078872680664,117.08763122558594,117.081787109375,117.07987213134766,117.07866668701172,117.07756042480469,117.07646942138672,117.07539367675781,117.07437896728516,117.07334899902344,117.07234954833984,1.0
10,105.38279724121094,116.29637908935547,117.3924331665039,117.35282897949219,117.31124877929688,117.3039321899414,117.30474090576172,117.30597686767578,117.30680847167969,117.30741882324219,117.30792236328125,117.30842590332031,117.30890655517578,117.3093490600586,117.309814453125,150.0
11,105.38279724121094,116.29637908935547,117.3924331665039,117.35282897949219,117.31124877929688,117.3039321899414,117.30474090576172,117.30597686767578,117.30680847167969,117.30741882324219,117.30792236328125,117.30842590332031,117.30890655517578,117.3093490600586,117.309814453125,150.0
12,105.38279724121094,116.29637908935547,117.3924331665039,117.35282897949219,117.31124877929688,117.3039321899414,117.30474090576172,117.30597686767578,117.30680847167969,117.30741882324219,117.30792236328125,117.30842590332031,117.30890655517578,117.3093490600586,117.309814453125,150.0
13,105.38279724121094,116.29637908935547,117.3924331665039,117.35282897949219,117.31124877929688,117.3039321899414,117.30474090576172,117.30597686767578,117.30680847167969,117.30741882324219,117.30792236328125,117.30842590332031,117.30890655517578,117.3093490600586,117.309814453125,142.0
14,105.38279724121094,116.29637908935547,117.3924331665039,117.35282897949219,117.31124877929688,117.3039321899414,117.30474090576172,117.30597686767578,117.30680847167969,117.30741882324219,117.30792236328125,117.30842590332031,117.30890655517578,117.3093490600586,117.309814453125,122.0
15,105.38279724121094,116.29637908935547,117.3924331665039,117.35282897949219,117.31124877929688,117.3039321899414,117.30474090576172,117.30597686767578,117.30680847167969,117.30741882324219,117.30792236328125,117.30842590332031,117.30890655517578,117.3093490600586,117.309814453125,102.0
16,101.27020263671875,112.46029663085938,113.91924285888672,113.90447235107422,113.84036254882812,113.82107543945312,113.8180160522461,113.81832885742188,113.81910705566406,113.81990051269531,113.82064819335938,113.8214111328125,113.82215118408203,113.82286071777344,113.82357788085938,82.0
17,101.27020263671875,112.46029663085938,113.91924285888672,113.90447235107422,113.84036254882812,113.82107543945312,113.8180160522461,113.81832885742188,113.81910705566406,113.81990051269531,113.82064819335938,113.8214111328125,113.82215118408203,113.82286071777344,113.82357788085938,62.0
18,101.27020263671875,112.46029663085938,113.91924285888672,113.90447235107422,113.84036254882812,113.82107543945312,113.8180160522461,113.81832885742188,113.81910705566406,113.81990051269531,113.82064819335938,113.8214111328125,113.82215118408203,113.82286071777344,113.82357788085938,42.0
19,101.27020263671875,112.46029663085938,113.91924285888672,113.90447235107422,113.84036254882812,113.82107543945312,113.8180160522461,113.81832885742188,113.81910705566406,113.81990051269531,113.82064819335938,113.8214111328125,113.82215118408203,113.82286071777344,113.82357788085938,22.0
20,104.69084930419922,112.37261962890625,112.52820587158203,112.32049560546875,112.26353454589844,112.25886535644531,112.26223754882812,112.2654037475586,112.26798248291016,112.270263671875,112.27244567871094,112.27458190917969,112.27665710449219,112.27869415283203,112.28068542480469,150.0
21,104.69084930419922,112.37261962890625,112.52820587158203,112.32049560546875,112.26353454589844,112.25886535644531,112.26223754882812,112.2654037475586,112.26798248291016,112.270263671875,112.27244567871094,112.27458190917969,112.27665710449219,112.27869415283203,112.28068542480469,130.0
22,104.69084930419922,112.37261962890625,112.52820587158203,112.32049560546875,112.26353454589844,112.25886535644531,112.26223754882812,112.2654037475586,112.26798248291016,112.270263671875,112.27244567871094,112.27458190917969,112.27665710449219,112.27869415283203,112.28068542480469,110.0
23,104.69084930419922,112.37261962890625,112.52820587158203,112.32049560546875,112.26353454589844,112.25886535644531,112.26223754882812,112.2654037475586,112.26798248291016,112.270263671875,112.27244567871094,112.27458190917969,112.27665710449219,112.27869415283203,112.28068542480469,90.0
24,104.69084930419922,112.37261962890625,112.52820587158203,112.32049560546875,112.26353454589844,112.25886535644531,112.26223754882812,112.2654037475586,112.26798248291016,112.270263671875,112.27244567871094,112.27458190917969,112.27665710449219,112.27869415283203,112.28068542480469,70.0
25,100.35189819335938,108.3653564453125,108.86785888671875,108.68196105957031,108.6029052734375,108.58670043945312,108.58638763427734,108.58868408203125,108.59123229980469,108.59371185302734,108.59613800048828,108.59854125976562,108.60090637207031,108.60320281982422,108.60545349121094,50.0
26,100.35189819335938,108.3653564453125,108.86785888671875,108.68196105957031,108.6029052734375,108.58670043945312,108.58638763427734,108.58868408203125,108.59123229980469,108.59371185302734,108.59613800048828,108.59854125976562,108.60090637207031,108.60320281982422,108.60545349121094,30.0
27,100.35189819335938,108.3653564453125,108.86785888671875,108.68196105957031,108.6029052734375,108.58670043945312,108.58638763427734,108.58868408203125,108.59123229980469,108.59371185302734,108.59613800048828,108.59854125976562,108.60090637207031,108.60320281982422,108.60545349121094,10.0
28,104.69084930419922,112.37261962890625,112.52820587158203,112.32049560546875,112.26353454589844,112.25886535644531,112.26223754882812,112.2654037475586,112.26798248291016,112.270263671875,112.27244567871094,112.27458190917969,112.27665710449219,112.27869415283203,112.28068542480469,150.0
29,104.69084930419922,112.37261962890625,112.52820587158203,112.32049560546875,112.26353454589844,112.25886535644531,112.26223754882812,112.2654037475586,112.26798248291016,112.270263671875,112.27244567871094,112.27458190917969,112.27665710449219,112.27869415283203,112.28068542480469,150.0
30,102.45039367675781,105.88658142089844,105.15219116210938,104.82811737060547,104.76840209960938,104.76766967773438,104.77313232421875,104.77767944335938,104.78152465820312,104.78507995605469,104.78851318359375,104.79188537597656,104.79518127441406,104.79840087890625,104.80155944824219,150.0
31,102.45039367675781,105.88658142089844,105.15219116210938,104.82811737060547,104.76840209960938,104.76766967773438,104.77313232421875,104.77767944335938,104.78152465820312,104.78507995605469,104.78851318359375,104.79188537597656,104.79518127441406,104.79840087890625,104.80155944824219,150.0
32,102.45039367675781,105.88658142089844,105.15219116210938,104.82811737060547,104.76840209960938,104.76766967773438,104.77313232421875,104.77767944335938,104.78152465820312,104.78507995605469,104.78851318359375,104.79188537597656,104.79518127441406,104.79840087890625,104.80155944824219,150.0
33,102.45039367675781,105.88658142089844,105.15219116210938,104.82811737060547,104.76840209960938,104.76766967773438,104.77313232421875,104.77767944335938,104.78152465820312,104.78507995605469,104.78851318359375,104.79188537597656,104.79518127441406,104.79840087890625,104.80155944824219,150.0
34,97.9366683959961,101.769775390625,101.36766052246094,101.06222534179688,100.98069763183594,100.96882629394531,100.97076416015625,100.9745101928711,100.97834777832031,100.98210906982422,100.98580932617188,100.98946380615234,100.9930419921875,100.99653625488281,100.99996948242188,136.0
35,97.9366683959961,101.769775390625,101.36766052246094,101.06222534179688,100.98069763183594,100.96882629394531,100.97076416015625,100.9745101928711,100.97834777832031,100.98210906982422,100.98580932617188,100.98946380615234,100.9930419921875,100.99653625488281,100.99996948242188,116.0
36,97.9366683959961,101.769775390625,101.36766052246094,101.06222534179688,100.98069763183594,100.96882629394531,100.97076416015625,100.9745101928711,100.97834777832031,100.98210906982422,100.98580932617188,100.98946380615234,100.9930419921875,100.99653625488281,100.99996948242188,96.0
37,97.9366683959961,101.769775390625,101.36766052246094,101.06222534179688,100.98069763183594,100.96882629394531,100.97076416015625,100.9745101928711,100.97834777832031,100.98210906982422,100.98580932617188,100.98946380615234,100.9930419921875,100.99653625488281,100.99996948242188,76.0
38,102.45039367675781,105.88658142089844,105.15219116210938,104.82811737060547,104.76840209960938,104.76766967773438,104.77313232421875,104.77767944335938,104.78152465820312,104.78507995605469,104.78851318359375,104.79188537597656,104.79518127441406,104.79840087890625,104.80155944824219,150.0
39,102.45039367675781,105.88658142089844,105.15219116210938,104.82811737060547,104.76840209960938,104.76766967773438,104.77313232421875,104.77767944335938,104.78152465820312,104.78507995605469,104.78851318359375,104.79188537597656,104.79518127441406,104.79840087890625,104.80155944824219,150.0
40,105.86495208740234,104.86664581298828,103.43345642089844,103.0582275390625,103.00735473632812,103.0107650756836,103.01714324951172,103.02196502685547,103.02604675292969,103.02985382080078,103.0335693359375,103.0372314453125,103.0407943725586,103.04427337646484,103.04769897460938,135.0
41,105.86495208740234,104.86664581298828,103.43345642089844,103.0582275390625,103.00735473632812,103.0107650756836,103.01714324951172,103.02196502685547,103.02604675292969,103.02985382080078,103.0335693359375,103.0372314453125,103.0407943725586,103.04427337646484,103.04769897460938,115.0
42,105.86495208740234,104.86664581298828,103.43345642089844,103.0582275390625,103.00735473632812,103.0107650756836,103.01714324951172,103.02196502685547,103.02604675292969,103.02985382080078,103.0335693359375,103.0372314453125,103.0407943725586,103.04427337646484,103.04769897460938,95.0
43,105.86495208740234,104.86664581298828,103.43345642089844,103.0582275390625,103.00735473632812,103.0107650756836,103.01714324951172,103.02196502685547,103.02604675292969,103.02985382080078,103.0335693359375,103.0372314453125,103.0407943725586,103.04427337646484,103.04769897460938,75.0
44,105.86495208740234,104.86664581298828,103.43345642089844,103.0582275390625,103.00735473632812,103.0107650756836,103.01714324951172,103.02196502685547,103.02604675292969,103.02985382080078,103.0335693359375,103.0372314453125,103.0407943725586,103.04427337646484,103.04769897460938,55.0
45,101.17207336425781,100.63213348388672,99.5166244506836,99.1567611694336,99.08436584472656,99.07701110839844,99.08001708984375,99.08409118652344,99.08819580078125,99.09223175048828,99.09622192382812,99.10017395019531,99.1040267944336,99.10779571533203,99.11151123046875,35.0
46,101.17207336425781,100.63213348388672,99.5166244506836,99.1567611694336,99.08436584472656,99.07701110839844,99.08001708984375,99.08409118652344,99.08819580078125,99.09223175048828,99.09622192382812,99.10017395019531,99.1040267944336,99.10779571533203,99.11151123046875,15.0
47,105.86495208740234,104.86664581298828,103.43345642089844,103.0582275390625,103.00735473632812,103.0107650756836,103.01714324951172,103.02196502685547,103.02604675292969,103.02985382080078,103.0335693359375,103.0372314453125,103.0407943725586,103.04427337646484,103.04769897460938,148.0
48,105.86495208740234,104.86664581298828,103.43345642089844,103.0582275390625,103.00735473632812,103.0107650756836,103.01714324951172,103.02196502685547,103.02604675292969,103.02985382080078,103.0335693359375,103.0372314453125,103.0407943725586,103.04427337646484,103.04769897460938,128.0
49,105.86495208740234,104.86664581298828,103.43345642089844,103.0582275390625,103.00735473632812,103.0107650756836,103.01714324951172,103.02196502685547,103.02604675292969,103.02985382080078,103.0335693359375,103.0372314453125,103.0407943725586,103.04427337646484,103.04769897460938,108.0
50,106.51871490478516,101.6839828491211,99.85847473144531,99.50160217285156,99.46833801269531,99.475341796875,99.48165130615234,99.48600006103516,99.48970794677734,99.4931869506836,99.4966049194336,99.49996185302734,99.50323486328125,99.50643920898438,99.50959777832031,88.0
51,106.51871490478516,101.6839828491211,99.85847473144531,99.50160217285156,99.46833801269531,99.475341796875,99.48165130615234,99.48600006103516,99.48970794677734,99.4931869506836,99.4966049194336,99.49996185302734,99.50323486328125,99.50643920898438,99.50959777832031,68.0
52,101.71622467041016,97.3916015625,95.86580657958984,95.52015686035156,95.46546936035156,95.46207427978516,95.4651870727539,95.46885681152344,95.47260284423828,95.4763412475586,95.48004913330078,95.48372650146484,95.48731994628906,95.49082946777344,95.49427795410156,48.0
53,101.71622467041016,97.3916015625,95.86580657958984,95.52015686035156,95.46546936035156,95.46207427978516,95.4651870727539,95.46885681152344,95.47260284423828,95.4763412475586,95.48004913330078,95.48372650146484,95.48731994628906,95.49082946777344,95.49427795410156,28.0
54,101.71622467041016,97.3916015625,95.86580657958984,95.52015686035156,95.46546936035156,95.46207427978516,95.4651870727539,95.46885681152344,95.47260284423828,95.4763412475586,95.48004913330078,95.48372650146484,95.48731994628906,95.49082946777344,95.49427795410156,8.0
55,106.51871490478516,101.6839828491211,99.85847473144531,99.50160217285156,99.46833801269531,99.475341796875,99.48165130615234,99.48600006103516,99.48970794677734,99.4931869506836,99.4966049194336,99.49996185302734,99.50323486328125,99.50643920898438,99.50959777832031,150.0
56,106.51871490478516,101.6839828491211,99.85847473144531,99.50160217285156,99.46833801269531,99.475341796875,99.48165130615234,99.48600006103516,99.48970794677734,99.4931869506836,99.4966049194336,99.49996185302734,99.50323486328125,99.50643920898438,99.50959777832031,150.0
57,106.51871490478516,101.6839828491211,99.85847473144531,99.50160217285156,99.46833801269531,99.475341796875,99.48165130615234,99.48600006103516,99.48970794677734,99.4931869506836,99.4966049194336,99.49996185302734,99.50323486328125,99.50643920898438,99.50959777832031,139.0
58,106.51871490478516,101.6839828491211,99.85847473144531,99.50160217285156,99.46833801269531,99.475341796875,99.48165130615234,99.48600006103516,99.48970794677734,99.4931869506836,99.4966049194336,99.49996185302734,99.50323486328125,99.50643920898438,99.50959777832031,119.0
59,106.51871490478516,101.6839828491211,99.85847473144531,99.50160217285156,99.46833801269531,99.475341796875,99.48165130615234,99.48600006103516,99.48970794677734,99.4931869506836,99.4966049194336,99.49996185302734,99.50323486328125,99.50643920898438,99.50959777832031,99.0
60,104.45993041992188,96.97533416748047,95.09552001953125,94.81611633300781,94.80561065673828,94.81526947021484,94.82068634033203,94.82398986816406,94.82676696777344,94.82942199707031,94.83203125,94.83460998535156,94.83712005615234,94.83956909179688,94.84199523925781,79.0
61,104.45993041992188,96.97533416748047,95.09552001953125,94.81611633300781,94.80561065673828,94.81526947021484,94.82068634033203,94.82398986816406,94.82676696777344,94.82942199707031,94.83203125,94.83460998535156,94.83712005615234,94.83956909179688,94.84199523925781,59.0
62,99.60130310058594,92.66255950927734,91.06199645996094,90.78933715820312,90.75745391845703,90.7570571899414,90.75943756103516,90.76213073730469,90.76499938964844,90.7679214477539,90.77085876464844,90.77377319335938,90.77661895751953,90.7793960571289,90.78214263916016,39.0
63,99.60130310058594,92.66255950927734,91.06199645996094,90.78933715820312,90.75745391845703,90.7570571899414,90.75943756103516,90.76213073730469,90.76499938964844,90.7679214477539,90.77085876464844,90.77377319335938,90.77661895751953,90.7793960571289,90.78214263916016,19.0
64,104.45993041992188,96.97533416748047,95.09552001953125,94.81611633300781,94.80561065673828,94.81526947021484,94.82068634033203,94.82398986816406,94.82676696777344,94.82942199707031,94.83203125,94.83460998535156,94.83712005615234,94.83956909179688,94.84199523925781,136.0
65,104.45993041992188,96.97533416748047,95.09552001953125,94.81611633300781,94.80561065673828,94.81526947021484,94.82068634033203,94.82398986816406,94.82676696777344,94.82942199707031,94.83203125,94.83460998535156,94.83712005615234,94.83956909179688,94.84199523925781,116.0
66,104.45993041992188,96.97533416748047,95.09552001953125,94.81611633300781,94.80561065673828,94.81526947021484,94.82068634033203,94.82398986816406,94.82676696777344,94.82942199707031,94.83203125,94.83460998535156,94.83712005615234,94.83956909179688,94.84199523925781,96.0
67,104.45993041992188,96.97533416748047,95.09552001953125,94.81611633300781,94.80561065673828,94.81526947021484,94.82068634033203,94.82398986816406,94.82676696777344,94.82942199707031,94.83203125,94.83460998535156,94.83712005615234,94.83956909179688,94.84199523925781,76.0
68,104.45993041992188,96.97533416748047,95.09552001953125,94.81611633300781,94.80561065673828,94.81526947021484,94.82068634033203,94.82398986816406,94.82676696777344,94.82942199707031,94.83203125,94.83460998535156,94.83712005615234,94.83956909179688,94.84199523925781,56.0
69,99.60130310058594,92.66255950927734,91.06199645996094,90.78933715820312,90.75745391845703,90.7570571899414,90.75943756103516,90.76213073730469,90.76499938964844,90.7679214477539,90.77085876464844,90.77377319335938,90.77661895751953,90.7793960571289,90.78214263916016,36.0
70,92.30811309814453,84.25455474853516,82.89173889160156,82.73231506347656,82.72410583496094,82.72552490234375,82.7266845703125,82.7281494140625,82.72993469238281,82.73187255859375,82.73383331298828,82.73577880859375,82.73770141601562,82.73957061767578,82.74141693115234,16.0
71,97.14036560058594,88.52517700195312,86.90589141845703,86.74435424804688,86.75748443603516,86.76859283447266,86.77263641357422,86.77465057373047,86.77632141113281,86.7779541015625,86.77957153320312,86.78115844726562,86.78273010253906,86.78425598144531,86.78575134277344,150.0
72,97.14036560058594,88.52517700195312,86.90589141845703,86.74435424804688,86.75748443603516,86.76859283447266,86.77263641357422,86.77465057373047,86.77632141113281,86.7779541015625,86.77957153320312,86.78115844726562,86.78273010253906,86.78425598144531,86.78575134277344,150.0
73,97.14036560058594,88.52517700195312,86.90589141845703,86.74435424804688,86.75748443603516,86.76859283447266,86.77263641357422,86.77465057373047,86.77632141113281,86.7779541015625,86.77957153320312,86.78115844726562,86.78273010253906,86.78425598144531,86.78575134277344,134.0
74,97.14036560058594,88.52517700195312,86.90589141845703,86.74435424804688,86.75748443603516,86.76859283447266,86.77263641357422,86.77465057373047,86.77632141113281,86.7779541015625,86.77957153320312,86.78115844726562,86.78273010253906,86.78425598144531,86.78575134277344,114.0
75,97.14036560058594,88.52517700195312,86.90589141845703,86.74435424804688,86.75748443603516,86.76859283447266,86.77263641357422,86.77465057373047,86.77632141113281,86.7779541015625,86.77957153320312,86.78115844726562,86.78273010253906,86.78425598144531,86.78575134277344,94.0
76,97.14036560058594,88.52517700195312,86.90589141845703,86.74435424804688,86.75748443603516,86.76859283447266,86.77263641357422,86.77465057373047,86.77632141113281,86.7779541015625,86.77957153320312,86.78115844726562,86.78273010253906,86.78425598144531,86.78575134277344,74.0
77,97.14036560058594,88.52517700195312,86.90589141845703,86.74435424804688,86.75748443603516,86.76859283447266,86.77263641357422,86.77465057373047,86.77632141113281,86.7779541015625,86.77957153320312,86.78115844726562,86.78273010253906,86.78425598144531,86.78575134277344,54.0
78,92.30811309814453,84.25455474853516,82.89173889160156,82.73231506347656,82.72410583496094,82.72552490234375,82.7266845703125,82.7281494140625,82.72993469238281,82.73187255859375,82.73383331298828,82.73577880859375,82.73770141601562,82.73957061767578,82.74141693115234,34.0
79,92.30811309814453,84.25455474853516,82.89173889160156,82.73231506347656,82.72410583496094,82.72552490234375,82.7266845703125,82.7281494140625,82.72993469238281,82.73187255859375,82.73383331298828,82.73577880859375,82.73770141601562,82.73957061767578,82.74141693115234,14.0
80,88.43329620361328,80.25064849853516,79.13146209716797,79.103759765625,79.13703155517578,79.1480484008789,79.15031433105469,79.15087890625,79.1512680053711,79.1517105102539,79.15216064453125,79.15260314941406,79.15303039550781,79.15345764160156,79.15387725830078,150.0
81,88.43329620361328,80.25064849853516,79.13146209716797,79.103759765625,79.13703155517578,79.1480484008789,79.15031433105469,79.15087890625,79.1512680053711,79.1517105102539,79.15216064453125,79.15260314941406,79.15303039550781,79.15345764160156,79.15387725830078,150.0
82,88.43329620361328,80.25064849853516,79.13146209716797,79.103759765625,79.13703155517578,79.1480484008789,79.15031433105469,79.15087890625,79.1512680053711,79.1517105102539,79.15216064453125,79.15260314941406,79.15303039550781,79.15345764160156,79.15387725830078,150.0
83,88.43329620361328,80.25064849853516,79.13146209716797,79.103759765625,79.13703155517578,79.1480484008789,79.15031433105469,79.15087890625,79.1512680053711,79.1517105102539,79.15216064453125,79.15260314941406,79.15303039550781,79.15345764160156,79.15387725830078,136.0
84,88.43329620361328,80.25064849853516,79.13146209716797,79.103759765625,79.13703155517578,79.1480484008789,79.15031433105469,79.15087890625,79.1512680053711,79.1517105102539,79.15216064453125,79.15260314941406,79.15303039550781,79.15345764160156,79.15387725830078,116.0
85,88.43329620361328,80.25064849853516,79.13146209716797,79.103759765625,79.13703155517578,79.1480484008789,79.15031433105469,79.15087890625,79.1512680053711,79.1517105102539,79.15216064453125,79.15260314941406,79.15303039550781,79.15345764160156,79.15387725830078,96.0
86,83.66098022460938,76.03536987304688,75.14834594726562,75.11825561523438,75.13028717041016,75.13195037841797,75.13150024414062,75.1315689086914,75.13211822509766,75.13287353515625,75.13369750976562,75.13450622558594,75.13531494140625,75.1361083984375,75.13689422607422,76.0
87,83.66098022460938,76.03536987304688,75.14834594726562,75.11825561523438,75.13028717041016,75.13195037841797,75.13150024414062,75.1315689086914,75.13211822509766,75.13287353515625,75.13369750976562,75.13450622558594,75.13531494140625,75.1361083984375,75.13689422607422,56.0
88,83.66098022460938,76.03536987304688,75.14834594726562,75.11825561523438,75.13028717041016,75.13195037841797,75.13150024414062,75.1315689086914,75.13211822509766,75.13287353515625,75.13369750976562,75.13450622558594,75.13531494140625,75.1361083984375,75.13689422607422,36.0
89,83.66098022460938,76.03536987304688,75.14834594726562,75.11825561523438,75.13028717041016,75.13195037841797,75.13150024414062,75.1315689086914,75.13211822509766,75.13287353515625,75.13369750976562,75.13450622558594,75.13531494140625,75.1361083984375,75.13689422607422,16.0
90,82.58866882324219,76.16376495361328,75.67051696777344,75.76773071289062,75.8145980834961,75.82408142089844,75.82435607910156,75.82335662841797,75.82234191894531,75.8214340209961,75.820556640625,75.81967163085938,75.81883239746094,75.81800842285156,75.81718444824219,150.0
91,82.58866882324219,76.16376495361328,75.67051696777344,75.76773071289062,75.8145980834961,75.82408142089844,75.82435607910156,75.82335662841797,75.82234191894531,75.8214340209961,75.820556640625,75.81967163085938,75.81883239746094,75.81800842285156,75.81718444824219,150.0
92,82.58866882324219,76.16376495361328,75.67051696777344,75.76773071289062,75.8145980834961,75.82408142089844,75.82435607910156,75.82335662841797,75.82234191894531,75.8214340209961,75.820556640625,75.81967163085938,75.81883239746094,75.81800842285156,75.81718444824219,150.0
93,82.58866882324219,76.16376495361328,75.67051696777344,75.76773071289062,75.8145980834961,75.82408142089844,75.82435607910156,75.82335662841797,75.82234191894531,75.8214340209961,75.820556640625,75.81967163085938,75.81883239746094,75.81800842285156,75.81718444824219,134.0
94,82.58866882324219,76.16376495361328,75.67051696777344,75.76773071289062,75.8145980834961,75.82408142089844,75.82435607910156,75.82335662841797,75.82234191894531,75.8214340209961,75.820556640625,75.81967163085938,75.81883239746094,75.81800842285156,75.81718444824219,114.0
95,82.58866882324219,76.16376495361328,75.67051696777344,75.76773071289062,75.8145980834961,75.82408142089844,75.82435607910156,75.82335662841797,75.82234191894531,75.8214340209961,75.820556640625,75.81967163085938,75.81883239746094,75.81800842285156,75.81718444824219,94.0
96,77.87008666992188,71.9883804321289,71.70376586914062,71.79450225830078,71.8202896118164,71.82077026367188,71.81846618652344,71.81704711914062,71.81622314453125,71.81565856933594,71.81515502929688,71.81468200683594,71.81422424316406,71.81378173828125,71.8133544921875,74.0
97,77.87008666992188,71.9883804321289,71.70376586914062,71.79450225830078,71.8202896118164,71.82077026367188,71.81846618652344,71.81704711914062,71.81622314453125,71.81565856933594,71.81515502929688,71.81468200683594,71.81422424316406,71.81378173828125,71.8133544921875,54.0
98,77.87008666992188,71.9883804321289,71.70376586914062,71.79450225830078,71.8202896118164,71.82077026367188,71.81846618652344,71.81704711914062,71.81622314453125,71.81565856933594,71.81515502929688,71.81468200683594,71.81422424316406,71.81378173828125,71.8133544921875,34.0
99,77.87008666992188,71.9883804321289,71.70376586914062,71.79450225830078,71.8202896118164,71.82077026367188,71.81846618652344,71.81704711914062,71.81622314453125,71.81565856933594,71.81515502929688,71.81468200683594,71.81422424316406,71.81378173828125,71.8133544921875,14.0
100,80.0805435180664,76.30509185791016,76.44493103027344,76.63784790039062,76.69004821777344,76.69690704345703,76.6953125,76.69291687011719,76.69060516357422,76.68841552734375,76.68627166748047,76.68415832519531,76.68208312988281,76.6800765991211,76.67808532714844,150.0
101,80.0805435180664,76.30509185791016,76.44493103027344,76.63784790039062,76.69004821777344,76.69690704345703,76.6953125,76.69291687011719,76.69060516357422,76.68841552734375,76.68627166748047,76.68415832519531,76.68208312988281,76.6800765991211,76.67808532714844,150.0
102,80.0805435180664,76.30509185791016,76.44493103027344,76.63784790039062,76.69004821777344,76.69690704345703,76.6953125,76.69291687011719,76.69060516357422,76.68841552734375,76.68627166748047,76.68415832519531,76.68208312988281,76.6800765991211,76.67808532714844,150.0
103,80.0805435180664,76.30509185791016,76.44493103027344,76.63784790039062,76.69004821777344,76.69690704345703,76.6953125,76.69291687011719,76.69060516357422,76.68841552734375,76.68627166748047,76.68415832519531,76.68208312988281,76.6800765991211,76.67808532714844,135.0
104,80.0805435180664,76.30509185791016,76.44493103027344,76.63784790039062,76.69004821777344,76.69690704345703,76.6953125,76.69291687011719,76.69060516357422,76.68841552734375,76.68627166748047,76.68415832519531,76.68208312988281,76.6800765991211,76.67808532714844,115.0
105,80.0805435180664,76.30509185791016,76.44493103027344,76.63784790039062,76.69004821777344,76.69690704345703,76.6953125,76.69291687011719,76.69060516357422,76.68841552734375,76.68627166748047,76.68415832519531,76.68208312988281,76.6800765991211,76.67808532714844,95.0
106,75.40536499023438,72.15278625488281,72.4791259765625,72.66200256347656,72.69337463378906,72.69157409667969,72.68755340576172,72.68477630615234,72.68267822265625,72.68085479736328,72.67911529541016,72.67741394042969,72.67575073242188,72.67414093017578,72.67254638671875,75.0
107,75.40536499023438,72.15278625488281,72.4791259765625,72.66200256347656,72.69337463378906,72.69157409667969,72.68755340576172,72.68477630615234,72.68267822265625,72.68085479736328,72.67911529541016,72.67741394042969,72.67575073242188,72.67414093017578,72.67254638671875,55.0
108,75.40536499023438,72.15278625488281,72.4791259765625,72.66200256347656,72.69337463378906,72.69157409667969,72.68755340576172,72.68477630615234,72.68267822265625,72.68085479736328,72.67911529541016,72.67741394042969,72.67575073242188,72.67414093017578,72.67254638671875,35.0
109,75.40536499023438,72.15278625488281,72.4791259765625,72.66200256347656,72.69337463378906,72.69157409667969,72.68755340576172,72.68477630615234,72.68267822265625,72.68085479736328,72.67911529541016,72.67741394042969,72.67575073242188,72.67414093017578,72.67254638671875,15.0
110,81.12390899658203,80.34657287597656,81.01886749267578,81.26504516601562,81.31424713134766,81.31793975830078,81.31490325927734,81.31147003173828,81.30818939208984,81.30500030517578,81.30186462402344,81.29878997802734,81.29576110839844,81.29281616210938,81.28992462158203,150.0
111,81.12390899658203,80.34657287597656,81.01886749267578,81.26504516601562,81.31424713134766,81.31793975830078,81.31490325927734,81.31147003173828,81.30818939208984,81.30500030517578,81.30186462402344,81.29878997802734,81.29576110839844,81.29281616210938,81.28992462158203,150.0
112,81.12390899658203,80.34657287597656,81.01886749267578,81.26504516601562,81.31424713134766,81.31793975830078,81.31490325927734,81.31147003173828,81.30818939208984,81.30500030517578,81.30186462402344,81.29878997802734,81.29576110839844,81.29281616210938,81.28992462158203,150.0
113,81.12390899658203,80.34657287597656,81.01886749267578,81.26504516601562,81.31424713134766,81.31793975830078,81.31490325927734,81.31147003173828,81.30818939208984,81.30500030517578,81.30186462402344,81.29878997802734,81.29576110839844,81.29281616210938,81.28992462158203,133.0
114,81.12390899658203,80.34657287597656,81.01886749267578,81.26504516601562,81.31424713134766,81.31793975830078,81.31490325927734,81.31147003173828,81.30818939208984,81.30500030517578,81.30186462402344,81.29878997802734,81.29576110839844,81.29281616210938,81.28992462158203,113.0
115,81.12390899658203,80.34657287597656,81.01886749267578,81.26504516601562,81.31424713134766,81.31793975830078,81.31490325927734,81.31147003173828,81.30818939208984,81.30500030517578,81.30186462402344,81.29878997802734,81.29576110839844,81.29281616210938,81.28992462158203,93.0
116,81.12390899658203,80.34657287597656,81.01886749267578,81.26504516601562,81.31424713134766,81.31793975830078,81.31490325927734,81.31147003173828,81.30818939208984,81.30500030517578,81.30186462402344,81.29878997802734,81.29576110839844,81.29281616210938,81.28992462158203,73.0
117,76.4793930053711,76.20158386230469,77.04020690917969,77.27336120605469,77.30206298828125,77.29742431640625,77.2920913696289,77.28833770751953,77.2852783203125,77.282470703125,77.27976989746094,77.27710723876953,77.27450561523438,77.27197265625,77.26947784423828,53.0
118,76.4793930053711,76.20158386230469,77.04020690917969,77.27336120605469,77.30206298828125,77.29742431640625,77.2920913696289,77.28833770751953,77.2852783203125,77.282470703125,77.27976989746094,77.27710723876953,77.27450561523438,77.27197265625,77.26947784423828,33.0
119,76.4793930053711,76.20158386230469,77.04020690917969,77.27336120605469,77.30206298828125,77.29742431640625,77.2920913696289,77.28833770751953,77.2852783203125,77.282470703125,77.27976989746094,77.27710723876953,77.27450561523438,77.27197265625,77.26947784423828,13.0
120,84.87377166748047,86.90467071533203,87.9317855834961,88.18392944335938,88.22280883789062,88.2232894897461,88.21944427490234,88.2155532836914,88.2117919921875,88.2081069946289,88.20447540283203,88.20088195800781,88.19737243652344,88.19395446777344,88.19059753417969,150.0
121,84.87377166748047,86.90467071533203,87.9317855834961,88.18392944335938,88.22280883789062,88.2232894897461,88.21944427490234,88.2155532836914,88.2117919921875,88.2081069946289,88.20447540283203,88.20088195800781,88.19737243652344,88.19395446777344,88.19059753417969,150.0
122,84.87377166748047,86.90467071533203,87.9317855834961,88.18392944335938,88.22280883789062,88.2232894897461,88.21944427490234,88.2155532836914,88.2117919921875,88.2081069946289,88.20447540283203,88.20088195800781,88.19737243652344,88.19395446777344,88.19059753417969,150.0
123,84.87377166748047,86.90467071533203,87.9317855834961,88.18392944335938,88.22280883789062,88.2232894897461,88.21944427490234,88.2155532836914,88.2117919921875,88.2081069946289,88.20447540283203,88.20088195800781,88.19737243652344,88.19395446777344,88.19059753417969,133.0
124,84.87377166748047,86.90467071533203,87.9317855834961,88.18392944335938,88.22280883789062,88.2232894897461,88.21944427490234,88.2155532836914,88.2117919921875,88.2081069946289,88.20447540283203,88.20088195800781,88.19737243652344,88.19395446777344,88.19059753417969,113.0
125,84.87377166748047,86.90467071533203,87.9317855834961,88.18392944335938,88.22280883789062,88.2232894897461,88.21944427490234,88.2155532836914,88.2117919921875,88.2081069946289,88.20447540283203,88.20088195800781,88.19737243652344,88.19395446777344,88.19059753417969,93.0
126,80.23286437988281,82.7398452758789,83.916259765625,84.15322875976562,84.17204284667969,84.16452026367188,84.15848541259766,84.15431213378906,84.15080261230469,84.14749908447266,84.14429473876953,84.1411361694336,84.1380615234375,84.13504791259766,84.13209533691406,73.0
127,80.23286437988281,82.7398452758789,83.916259765625,84.15322875976562,84.17204284667969,84.16452026367188,84.15848541259766,84.15431213378906,84.15080261230469,84.14749908447266,84.14429473876953,84.1411361694336,84.1380615234375,84.13504791259766,84.13209533691406,53.0
128,80.23286437988281,82.7398452758789,83.916259765625,84.15322875976562,84.17204284667969,84.16452026367188,84.15848541259766,84.15431213378906,84.15080261230469,84.14749908447266,84.14429473876953,84.1411361694336,84.1380615234375,84.13504791259766,84.13209533691406,33.0
129,80.23286437988281,82.7398452758789,83.916259765625,84.15322875976562,84.17204284667969,84.16452026367188,84.15848541259766,84.15431213378906,84.15080261230469,84.14749908447266,84.14429473876953,84.1411361694336,84.1380615234375,84.13504791259766,84.13209533691406,13.0
130,90.48828887939453,94.66791534423828,95.82796478271484,96.0430908203125,96.06727600097656,96.06522369384766,96.06136322021484,96.05765533447266,96.05402374267578,96.05040740966797,96.04682922363281,96.04330444335938,96.03985595703125,96.03648376464844,96.03317260742188,150.0
131,90.48828887939453,94.66791534423828,95.82796478271484,96.0430908203125,96.06727600097656,96.06522369384766,96.06136322021484,96.05765533447266,96.05402374267578,96.05040740966797,96.04682922363281,96.04330444335938,96.03985595703125,96.03648376464844,96.03317260742188,150.0
132,90.48828887939453,94.66791534423828,95.82796478271484,96.0430908203125,96.06727600097656,96.06522369384766,96.06136322021484,96.05765533447266,96.05402374267578,96.05040740966797,96.04682922363281,96.04330444335938,96.03985595703125,96.03648376464844,96.03317260742188,135.0
133,90.48828887939453,94.66791534423828,95.82796478271484,96.0430908203125,96.06727600097656,96.06522369384766,96.06136322021484,96.05765533447266,96.05402374267578,96.05040740966797,96.04682922363281,96.04330444335938,96.03985595703125,96.03648376464844,96.03317260742188,115.0
134,90.48828887939453,94.66791534423828,95.82796478271484,96.0430908203125,96.06727600097656,96.06522369384766,96.06136322021484,96.05765533447266,96.05402374267578,96.05040740966797,96.04682922363281,96.04330444335938,96.03985595703125,96.03648376464844,96.03317260742188,95.0
135,90.48828887939453,94.66791534423828,95.82796478271484,96.0430908203125,96.06727600097656,96.06522369384766,96.06136322021484,96.05765533447266,96.05402374267578,96.05040740966797,96.04682922363281,96.04330444335938,96.03985595703125,96.03648376464844,96.03317260742188,75.0
136,85.8486099243164,90.48430633544922,91.77910614013672,91.9774169921875,91.98199462890625,91.97225189208984,91.96631622314453,91.96236419677734,91.958984375,91.95575714111328,91.95260620117188,91.94950866699219,91.94648742675781,91.94353485107422,91.94062805175781,55.0
137,85.8486099243164,90.48430633544922,91.77910614013672,91.9774169921875,91.98199462890625,91.97225189208984,91.96631622314453,91.96236419677734,91.958984375,91.95575714111328,91.95260620117188,91.94950866699219,91.94648742675781,91.94353485107422,91.94062805175781,35.0
138,85.8486099243164,90.48430633544922,91.77910614013672,91.9774169921875,91.98199462890625,91.97225189208984,91.96631622314453,91.96236419677734,91.958984375,91.95575714111328,91.95260620117188,91.94950866699219,91.94648742675781,91.94353485107422,91.94062805175781,15.0
139,90.48828887939453,94.66791534423828,95.82796478271484,96.0430908203125,96.06727600097656,96.06522369384766,96.06136322021484,96.05765533447266,96.05402374267578,96.05040740966797,96.04682922363281,96.04330444335938,96.03985595703125,96.03648376464844,96.03317260742188,150.0
140,96.98514556884766,102.35746002197266,103.43061828613281,103.576171875,103.58391571044922,103.58030700683594,103.5771713256836,103.57426452636719,103.57133483886719,103.568359375,103.56541442871094,103.5625,103.55964660644531,103.5568618774414,103.55412292480469,150.0
141,96.98514556884766,102.35746002197266,103.43061828613281,103.576171875,103.58391571044922,103.58030700683594,103.5771713256836,103.57426452636719,103.57133483886719,103.568359375,103.56541442871094,103.5625,103.55964660644531,103.5568618774414,103.55412292480469,150.0
142,96.98514556884766,102.35746002197266,103.43061828613281,103.576171875,103.58391571044922,103.58030700683594,103.5771713256836,103.57426452636719,103.57133483886719,103.568359375,103.56541442871094,103.5625,103.55964660644531,103.5568618774414,103.55412292480469,150.0
143,96.98514556884766,102.35746002197266,103.43061828613281,103.576171875,103.58391571044922,103.58030700683594,103.5771713256836,103.57426452636719,103.57133483886719,103.568359375,103.56541442871094,103.5625,103.55964660644531,103.5568618774414,103.55412292480469,131.0
144,96.98514556884766,102.35746002197266,103.43061828613281,103.576171875,103.58391571044922,103.58030700683594,103.5771713256836,103.57426452636719,103.57133483886719,103.568359375,103.56541442871094,103.5625,103.55964660644531,103.5568618774414,103.55412292480469,111.0
145,92.33917236328125,98.1575927734375,99.35459899902344,99.48233795166016,99.4709701538086,99.4599609375,99.4548568725586,99.45169830322266,99.44902038574219,99.44642639160156,99.44390869140625,99.44142150878906,99.43899536132812,99.43661499023438,99.43426513671875,91.0
146,92.33917236328125,98.1575927734375,99.35459899902344,99.48233795166016,99.4709701538086,99.4599609375,99.4548568725586,99.45169830322266,99.44902038574219,99.44642639160156,99.44390869140625,99.44142150878906,99.43899536132812,99.43661499023438,99.43426513671875,71.0
147,92.33917236328125,98.1575927734375,99.35459899902344,99.48233795166016,99.4709701538086,99.4599609375,99.4548568725586,99.45169830322266,99.44902038574219,99.44642639160156,99.44390869140625,99.44142150878906,99.43899536132812,99.43661499023438,99.43426513671875,51.0
148,92.33917236328125,98.1575927734375,99.35459899902344,99.48233795166016,99.4709701538086,99.4599609375,99.4548568725586,99.45169830322266,99.44902038574219,99.44642639160156,99.44390869140625,99.44142150878906,99.43899536132812,99.43661499023438,99.43426513671875,31.0
149,96.98514556884766,102.35746002197266,103.43061828613281,103.576171875,103.58391571044922,103.58030700683594,103.5771713256836,103.57426452636719,103.57133483886719,103.568359375,103.56541442871094,103.5625,103.55964660644531,103.5568618774414,103.55412292480469,150.0
150,105.14159393310547,110.63664245605469,111.43879699707031,111.49781036376953,111.49061584472656,111.48664855957031,111.48480224609375,111.48307037353516,111.48118591308594,111.4792251586914,111.47725677490234,111.47531127929688,111.47341918945312,111.47154235839844,111.46971130371094,145.0
151,105.14159393310547,110.63664245605469,111.43879699707031,111.49781036376953,111.49061584472656,111.48664855957031,111.48480224609375,111.48307037353516,111.48118591308594,111.4792251586914,111.47725677490234,111.47531127929688,111.47341918945312,111.47154235839844,111.46971130371094,125.0
152,105.14159393310547,110.63664245605469,111.43879699707031,111.49781036376953,111.49061584472656,111.48664855957031,111.48480224609375,111.48307037353516,111.48118591308594,111.4792251586914,111.47725677490234,111.47531127929688,111.47341918945312,111.47154235839844,111.46971130371094,105.0
153,105.14159393310547,110.63664245605469,111.43879699707031,111.49781036376953,111.49061584472656,111.48664855957031,111.48480224609375,111.48307037353516,111.48118591308594,111.4792251586914,111.47725677490234,111.47531127929688,111.47341918945312,111.47154235839844,111.46971130371094,85.0
154,105.14159393310547,110.63664245605469,111.43879699707031,111.49781036376953,111.49061584472656,111.48664855957031,111.48480224609375,111.48307037353516,111.48118591308594,111.4792251586914,111.47725677490234,111.47531127929688,111.47341918945312,111.47154235839844,111.46971130371094,65.0
155,100.48755645751953,106.42438507080078,107.3414306640625,107.38191986083984,107.35612487792969,107.34502410888672,107.34127807617188,107.33931732177734,107.33769226074219,107.33610534667969,107.33454132080078,107.33302307128906,107.33153533935547,107.33006286621094,107.32862091064453,45.0
156,100.48755645751953,106.42438507080078,107.3414306640625,107.38191986083984,107.35612487792969,107.34502410888672,107.34127807617188,107.33931732177734,107.33769226074219,107.33610534667969,107.33454132080078,107.33302307128906,107.33153533935547,107.33006286621094,107.32862091064453,25.0
157,100.48755645751953,106.42438507080078,107.3414306640625,107.38191986083984,107.35612487792969,107.34502410888672,107.34127807617188,107.33931732177734,107.33769226074219,107.33610534667969,107.33454132080078,107.33302307128906,107.33153533935547,107.33006286621094,107.32862091064453,5.0
158,105.14159393310547,110.63664245605469,111.43879699707031,111.49781036376953,111.49061584472656,111.48664855957031,111.48480224609375,111.48307037353516,111.48118591308594,111.4792251586914,111.47725677490234,111.47531127929688,111.47341918945312,111.47154235839844,111.46971130371094,150.0
159,105.14159393310547,110.63664245605469,111.43879699707031,111.49781036376953,111.49061584472656,111.48664855957031,111.48480224609375,111.48307037353516,111.48118591308594,111.4792251586914,111.47725677490234,111.47531127929688,111.47341918945312,111.47154235839844,111.46971130371094,150.0
160,110.11198425292969,114.74636840820312,115.16097259521484,115.13322448730469,115.11502838134766,115.11196899414062,115.11188507080078,115.11167907714844,115.11124420166016,115.11068725585938,115.1100845336914,115.1094970703125,115.10893249511719,115.10836791992188,115.10779571533203,150.0
161,110.11198425292969,114.74636840820312,115.16097259521484,115.13322448730469,115.11502838134766,115.11196899414062,115.11188507080078,115.11167907714844,115.11124420166016,115.11068725585938,115.1100845336914,115.1094970703125,115.10893249511719,115.10836791992188,115.10779571533203,150.0
162,110.11198425292969,114.74636840820312,115.16097259521484,115.13322448730469,115.11502838134766,115.11196899414062,115.11188507080078,115.11167907714844,115.11124420166016,115.11068725585938,115.1100845336914,115.1094970703125,115.10893249511719,115.10836791992188,115.10779571533203,150.0
163,110.11198425292969,114.74636840820312,115.16097259521484,115.13322448730469,115.11502838134766,115.11196899414062,115.11188507080078,115.11167907714844,115.11124420166016,115.11068725585938,115.1100845336914,115.1094970703125,115.10893249511719,115.10836791992188,115.10779571533203,150.0
164,105.4896240234375,110.57279968261719,111.09573364257812,111.04896545410156,111.01261901855469,111.00267028808594,111.0007553100586,111.00033569335938,111.00013732910156,110.99993896484375,110.99972534179688,110.99954223632812,110.99935913085938,110.99917602539062,110.99899291992188,143.0
165,105.4896240234375,110.57279968261719,111.09573364257812,111.04896545410156,111.01261901855469,111.00267028808594,111.0007553100586,111.00033569335938,111.00013732910156,110.99993896484375,110.99972534179688,110.99954223632812,110.99935913085938,110.99917602539062,110.99899291992188,123.0
166,105.4896240234375,110.57279968261719,111.09573364257812,111.04896545410156,111.01261901855469,111.00267028808594,111.0007553100586,111.00033569335938,111.00013732910156,110.99993896484375,110.99972534179688,110.99954223632812,110.99935913085938,110.99917602539062,110.99899291992188,103.0
167,105.4896240234375,110.57279968261719,111.09573364257812,111.04896545410156,111.01261901855469,111.00267028808594,111.0007553100586,111.00033569335938,111.00013732910156,110.99993896484375,110.99972534179688,110.99954223632812,110.99935913085938,110.99917602539062,110.99899291992188,83.0
168,110.11198425292969,114.74636840820312,115.16097259521484,115.13322448730469,115.11502838134766,115.11196899414062,115.11188507080078,115.11167907714844,115.11124420166016,115.11068725585938,115.1100845336914,115.1094970703125,115.10893249511719,115.10836791992188,115.10779571533203,133.0
169,110.11198425292969,114.74636840820312,115.16097259521484,115.13322448730469,115.11502838134766,115.11196899414062,115.11188507080078,115.11167907714844,115.11124420166016,115.11068725585938,115.1100845336914,115.1094970703125,115.10893249511719,115.10836791992188,115.10779571533203,113.0
170,118.27914428710938,121.31449127197266,121.30121612548828,121.20109558105469,121.1771240234375,121.17575073242188,121.1772232055664,121.17832946777344,121.1791000366211,121.17972564697266,121.18030548095703,121.1808853149414,121.18145751953125,121.18199157714844,121.18251037597656,93.0
171,118.27914428710938,121.31449127197266,121.30121612548828,121.20109558105469,121.1771240234375,121.17575073242188,121.1772232055664,121.17832946777344,121.1791000366211,121.17972564697266,121.18030548095703,121.1808853149414,121.18145751953125,121.18199157714844,121.18251037597656,73.0
172,118.27914428710938,121.31449127197266,121.30121612548828,121.20109558105469,121.1771240234375,121.17575073242188,121.1772232055664,121.17832946777344,121.1791000366211,121.17972564697266,121.18030548095703,121.1808853149414,121.18145751953125,121.18199157714844,121.18251037597656,53.0
173,113.67440032958984,117.1687240600586,117.25808715820312,117.13851165771484,117.09683227539062,117.08879089355469,117.0885009765625,117.08938598632812,117.09039306640625,117.09136199951172,117.09231567382812,117.0932846069336,117.0942153930664,117.09510803222656,117.09599304199219,33.0
174,113.67440032958984,117.1687240600586,117.25808715820312,117.13851165771484,117.09683227539062,117.08879089355469,117.0885009765625,117.08938598632812,117.09039306640625,117.09136199951172,117.09231567382812,117.0932846069336,117.0942153930664,117.09510803222656,117.09599304199219,13.0
175,118.27914428710938,121.31449127197266,121.30121612548828,121.20109558105469,121.1771240234375,121.17575073242188,121.1772232055664,121.17832946777344,121.1791000366211,121.17972564697266,121.18030548095703,121.1808853149414,121.18145751953125,121.18199157714844,121.18251037597656,117.0
176,118.27914428710938,121.31449127197266,121.30121612548828,121.20109558105469,121.1771240234375,121.17575073242188,121.1772232055664,121.17832946777344,121.1791000366211,121.17972564697266,121.18030548095703,121.1808853149414,121.18145751953125,121.18199157714844,121.18251037597656,97.0
177,118.27914428710938,121.31449127197266,121.30121612548828,121.20109558105469,121.1771240234375,121.17575073242188,121.1772232055664,121.17832946777344,121.1791000366211,121.17972564697266,121.18030548095703,121.1808853149414,121.18145751953125,121.18199157714844,121.18251037597656,77.0
178,118.27914428710938,121.31449127197266,121.30121612548828,121.20109558105469,121.1771240234375,121.17575073242188,121.1772232055664,121.17832946777344,121.1791000366211,121.17972564697266,121.18030548095703,121.1808853149414,121.18145751953125,121.18199157714844,121.18251037597656,57.0
179,113.67440032958984,117.1687240600586,117.25808715820312,117.13851165771484,117.09683227539062,117.08879089355469,117.0885009765625,117.08938598632812,117.09039306640625,117.09136199951172,117.09231567382812,117.0932846069336,117.0942153930664,117.09510803222656,117.09599304199219,37.0
180,112.21598815917969,113.74010467529297,113.43858337402344,113.27263641357422,113.2317886352539,113.22654724121094,113.2280502319336,113.23042297363281,113.23282623291016,113.23519897460938,113.23753356933594,113.2398452758789,113.24211120605469,113.24430847167969,113.24647521972656,17.0
181,116.68630981445312,117.73654174804688,117.33770751953125,117.1917953491211,117.16830444335938,117.16952514648438,117.1727294921875,117.1753158569336,117.1775131225586,117.1795654296875,117.18154907226562,117.18350982666016,117.1854248046875,117.18727111816406,117.18910217285156,150.0
182,116.68630981445312,117.73654174804688,117.33770751953125,117.1917953491211,117.16830444335938,117.16952514648438,117.1727294921875,117.1753158569336,117.1775131225586,117.1795654296875,117.18154907226562,117.18350982666016,117.1854248046875,117.18727111816406,117.18910217285156,150.0
183,116.68630981445312,117.73654174804688,117.33770751953125,117.1917953491211,117.16830444335938,117.16952514648438,117.1727294921875,117.1753158569336,117.1775131225586,117.1795654296875,117.18154907226562,117.18350982666016,117.1854248046875,117.18727111816406,117.18910217285156,148.0
184,116.68630981445312,117.73654174804688,117.33770751953125,117.1917953491211,117.16830444335938,117.16952514648438,117.1727294921875,117.1753158569336,117.1775131225586,117.1795654296875,117.18154907226562,117.18350982666016,117.1854248046875,117.18727111816406,117.18910217285156,128.0
185,116.68630981445312,117.73654174804688,117.33770751953125,117.1917953491211,117.16830444335938,117.16952514648438,117.1727294921875,117.1753158569336,117.1775131225586,117.1795654296875,117.18154907226562,117.18350982666016,117.1854248046875,117.18727111816406,117.18910217285156,108.0
186,116.68630981445312,117.73654174804688,117.33770751953125,117.1917953491211,117.16830444335938,117.16952514648438,117.1727294921875,117.1753158569336,117.1775131225586,117.1795654296875,117.18154907226562,117.18350982666016,117.1854248046875,117.18727111816406,117.18910217285156,88.0
187,116.68630981445312,117.73654174804688,117.33770751953125,117.1917953491211,117.16830444335938,117.16952514648438,117.1727294921875,117.1753158569336,117.1775131225586,117.1795654296875,117.18154907226562,117.18350982666016,117.1854248046875,117.18727111816406,117.18910217285156,68.0
188,112.21598815917969,113.74010467529297,113.43858337402344,113.27263641357422,113.2317886352539,113.22654724121094,113.2280502319336,113.23042297363281,113.23282623291016,113.23519897460938,113.23753356933594,113.2398452758789,113.24211120605469,113.24430847167969,113.24647521972656,48.0
189,112.21598815917969,113.74010467529297,113.43858337402344,113.27263641357422,113.2317886352539,113.22654724121094,113.2280502319336,113.23042297363281,113.23282623291016,113.23519897460938,113.23753356933594,113.2398452758789,113.24211120605469,113.24430847167969,113.24647521972656,28.0
190,107.1627426147461,106.71007537841797,106.12001037597656,105.93852233886719,105.90353393554688,105.9011459350586,105.90401458740234,105.90748596191406,105.91098022460938,105.9144287109375,105.9178466796875,105.92121124267578,105.92450714111328,105.9277114868164,105.93087768554688,8.0
191,111.45614624023438,110.51470184326172,109.83308410644531,109.67243957519531,109.65451049804688,109.65839385986328,109.66292572021484,109.6666030883789,109.66990661621094,109.67304992675781,109.6761474609375,109.67918395996094,109.68213653564453,109.68502807617188,109.6878662109375,150.0
192,111.45614624023438,110.51470184326172,109.83308410644531,109.67243957519531,109.65451049804688,109.65839385986328,109.66292572021484,109.6666030883789,109.66990661621094,109.67304992675781,109.6761474609375,109.67918395996094,109.68213653564453,109.68502807617188,109.6878662109375,150.0
193,111.45614624023438,110.51470184326172,109.83308410644531,109.67243957519531,109.65451049804688,109.65839385986328,109.66292572021484,109.6666030883789,109.66990661621094,109.67304992675781,109.6761474609375,109.67918395996094,109.68213653564453,109.68502807617188,109.6878662109375,150.0
194,111.45614624023438,110.51470184326172,109.83308410644531,109.67243957519531,109.65451049804688,109.65839385986328,109.66292572021484,109.6666030883789,109.66990661621094,109.67304992675781,109.6761474609375,109.67918395996094,109.68213653564453,109.68502807617188,109.6878662109375,133.0
195,111.45614624023438,110.51470184326172,109.83308410644531,109.67243957519531,109.65451049804688,109.65839385986328,109.66292572021484,109.6666030883789,109.66990661621094,109.67304992675781,109.6761474609375,109.67918395996094,109.68213653564453,109.68502807617188,109.6878662109375,113.0
196,111.45614624023438,110.51470184326172,109.83308410644531,109.67243957519531,109.65451049804688,109.65839385986328,109.66292572021484,109.6666030883789,109.66990661621094,109.67304992675781,109.6761474609375,109.67918395996094,109.68213653564453,109.68502807617188,109.6878662109375,93.0
197,107.1627426147461,106.71007537841797,106.12001037597656,105.93852233886719,105.90353393554688,105.9011459350586,105.90401458740234,105.90748596191406,105.91098022460938,105.9144287109375,105.9178466796875,105.92121124267578,105.92450714111328,105.9277114868164,105.93087768554688,73.0
198,107.1627426147461,106.71007537841797,106.12001037597656,105.93852233886719,105.90353393554688,105.9011459350586,105.90401458740234,105.90748596191406,105.91098022460938,105.9144287109375,105.9178466796875,105.92121124267578,105.92450714111328,105.9277114868164,105.93087768554688,53.0
199,107.1627426147461,106.71007537841797,106.12001037597656,105.93852233886719,105.90353393554688,105.9011459350586,105.90401458740234,105.90748596191406,105.91098022460938,105.9144287109375,105.9178466796875,105.92121124267578,105.92450714111328,105.9277114868164,105.93087768554688,33.0
200,100.20834350585938,98.10213470458984,97.36235046386719,97.19586181640625,97.17052459716797,97.17061614990234,97.17415618896484,97.17811584472656,97.18211364746094,97.18608093261719,97.19002532958984,97.19390869140625,97.19770812988281,97.20142364501953,97.20507049560547,13.0
201,104.31690216064453,101.71046447753906,100.88523864746094,100.74044799804688,100.73189544677734,100.7380599975586,100.74320983886719,100.74737548828125,100.75119018554688,100.7548828125,100.7585220336914,100.7620849609375,100.76556396484375,100.76897430419922,100.77233123779297,150.0
202,104.31690216064453,101.71046447753906,100.88523864746094,100.74044799804688,100.73189544677734,100.7380599975586,100.74320983886719,100.74737548828125,100.75119018554688,100.7548828125,100.7585220336914,100.7620849609375,100.76556396484375,100.76897430419922,100.77233123779297,150.0
203,104.31690216064453,101.71046447753906,100.88523864746094,100.74044799804688,100.73189544677734,100.7380599975586,100.74320983886719,100.74737548828125,100.75119018554688,100.7548828125,100.7585220336914,100.7620849609375,100.76556396484375,100.76897430419922,100.77233123779297,150.0
204,104.31690216064453,101.71046447753906,100.88523864746094,100.74044799804688,100.73189544677734,100.7380599975586,100.74320983886719,100.74737548828125,100.75119018554688,100.7548828125,100.7585220336914,100.7620849609375,100.76556396484375,100.76897430419922,100.77233123779297,133.0
205,104.31690216064453,101.71046447753906,100.88523864746094,100.74044799804688,100.73189544677734,100.7380599975586,100.74320983886719,100.74737548828125,100.75119018554688,100.7548828125,100.7585220336914,100.7620849609375,100.76556396484375,100.76897430419922,100.77233123779297,113.0
206,104.31690216064453,101.71046447753906,100.88523864746094,100.74044799804688,100.73189544677734,100.7380599975586,100.74320983886719,100.74737548828125,100.75119018554688,100.7548828125,100.7585220336914,100.7620849609375,100.76556396484375,100.76897430419922,100.77233123779297,93.0
207,100.20834350585938,98.10213470458984,97.36235046386719,97.19586181640625,97.17052459716797,97.17061614990234,97.17415618896484,97.17811584472656,97.18211364746094,97.18608093261719,97.19002532958984,97.19390869140625,97.19770812988281,97.20142364501953,97.20507049560547,73.0
208,100.20834350585938,98.10213470458984,97.36235046386719,97.19586181640625,97.17052459716797,97.17061614990234,97.17415618896484,97.17811584472656,97.18211364746094,97.18608093261719,97.19002532958984,97.19390869140625,97.19770812988281,97.20142364501953,97.20507049560547,53.0
209,100.20834350585938,98.10213470458984,97.36235046386719,97.19586181640625,97.17052459716797,97.17061614990234,97.17415618896484,97.17811584472656,97.18211364746094,97.18608093261719,97.19002532958984,97.19390869140625,97.19770812988281,97.20142364501953,97.20507049560547,33.0
210,92.83047485351562,89.6448974609375,88.90518188476562,88.7784423828125,88.76447296142578,88.76616668701172,88.76959228515625,88.7733154296875,88.77713775634766,88.78096771240234,88.7847671508789,88.78851318359375,88.79216003417969,88.79574584960938,88.79927062988281,13.0
211,96.75540161132812,93.06304931640625,92.24443054199219,92.1402587890625,92.1427993774414,92.150390625,92.15535736083984,92.15929412841797,92.1629409790039,92.16649627685547,92.17000579833984,92.17344665527344,92.17680358886719,92.18009948730469,92.18333435058594,146.0
212,96.75540161132812,93.06304931640625,92.24443054199219,92.1402587890625,92.1427993774414,92.150390625,92.15535736083984,92.15929412841797,92.1629409790039,92.16649627685547,92.17000579833984,92.17344665527344,92.17680358886719,92.18009948730469,92.18333435058594,126.0
213,96.75540161132812,93.06304931640625,92.24443054199219,92.1402587890625,92.1427993774414,92.150390625,92.15535736083984,92.15929412841797,92.1629409790039,92.16649627685547,92.17000579833984,92.17344665527344,92.17680358886719,92.18009948730469,92.18333435058594,106.0
214,96.75540161132812,93.06304931640625,92.24443054199219,92.1402587890625,92.1427993774414,92.150390625,92.15535736083984,92.15929412841797,92.1629409790039,92.16649627685547,92.17000579833984,92.17344665527344,92.17680358886719,92.18009948730469,92.18333435058594,86.0
215,96.75540161132812,93.06304931640625,92.24443054199219,92.1402587890625,92.1427993774414,92.150390625,92.15535736083984,92.15929412841797,92.1629409790039,92.16649627685547,92.17000579833984,92.17344665527344,92.17680358886719,92.18009948730469,92.18333435058594,66.0
216,92.83047485351562,89.6448974609375,88.90518188476562,88.7784423828125,88.76447296142578,88.76616668701172,88.76959228515625,88.7733154296875,88.77713775634766,88.78096771240234,88.7847671508789,88.78851318359375,88.79216003417969,88.79574584960938,88.79927062988281,46.0
217,92.83047485351562,89.6448974609375,88.90518188476562,88.7784423828125,88.76447296142578,88.76616668701172,88.76959228515625,88.7733154296875,88.77713775634766,88.78096771240234,88.7847671508789,88.78851318359375,88.79216003417969,88.79574584960938,88.79927062988281,26.0
218,92.83047485351562,89.6448974609375,88.90518188476562,88.7784423828125,88.76447296142578,88.76616668701172,88.76959228515625,88.7733154296875,88.77713775634766,88.78096771240234,88.7847671508789,88.78851318359375,88.79216003417969,88.79574584960938,88.79927062988281,6.0
219,96.75540161132812,93.06304931640625,92.24443054199219,92.1402587890625,92.1427993774414,92.150390625,92.15535736083984,92.15929412841797,92.1629409790039,92.16649627685547,92.17000579833984,92.17344665527344,92.17680358886719,92.18009948730469,92.18333435058594,150.0
220,86.83934783935547,82.76766967773438,82.09036254882812,82.0423583984375,82.0556869506836,82.06380462646484,82.06797790527344,82.07115936279297,82.07415008544922,82.07707977294922,82.07996368408203,82.0827865600586,82.0855484008789,82.08827209472656,82.09093475341797,150.0
221,86.83934783935547,82.76766967773438,82.09036254882812,82.0423583984375,82.0556869506836,82.06380462646484,82.06797790527344,82.07115936279297,82.07415008544922,82.07707977294922,82.07996368408203,82.0827865600586,82.0855484008789,82.08827209472656,82.09093475341797,150.0
222,86.83934783935547,82.76766967773438,82.09036254882812,82.0423583984375,82.0556869506836,82.06380462646484,82.06797790527344,82.07115936279297,82.07415008544922,82.07707977294922,82.07996368408203,82.0827865600586,82.0855484008789,82.08827209472656,82.09093475341797,130.0
223,86.83934783935547,82.76766967773438,82.09036254882812,82.0423583984375,82.0556869506836,82.06380462646484,82.06797790527344,82.07115936279297,82.07415008544922,82.07707977294922,82.07996368408203,82.0827865600586,82.0855484008789,82.08827209472656,82.09093475341797,110.0
224,86.83934783935547,82.76766967773438,82.09036254882812,82.0423583984375,82.0556869506836,82.06380462646484,82.06797790527344,82.07115936279297,82.07415008544922,82.07707977294922,82.07996368408203,82.0827865600586,82.0855484008789,82.08827209472656,82.09093475341797,90.0
225,83.10855102539062,79.54464721679688,78.9393310546875,78.86790466308594,78.86500549316406,78.86740112304688,78.8700942993164,78.87308502197266,78.87623596191406,78.8794174194336,78.8825912475586,78.88570404052734,78.88874816894531,78.8917465209961,78.89469909667969,70.0
226,83.10855102539062,79.54464721679688,78.9393310546875,78.86790466308594,78.86500549316406,78.86740112304688,78.8700942993164,78.87308502197266,78.87623596191406,78.8794174194336,78.8825912475586,78.88570404052734,78.88874816894531,78.8917465209961,78.89469909667969,50.0
227,83.10855102539062,79.54464721679688,78.9393310546875,78.86790466308594,78.86500549316406,78.86740112304688,78.8700942993164,78.87308502197266,78.87623596191406,78.8794174194336,78.8825912475586,78.88570404052734,78.88874816894531,78.8917465209961,78.89469909667969,30.0
228,83.10855102539062,79.54464721679688,78.9393310546875,78.86790466308594,78.86500549316406,78.86740112304688,78.8700942993164,78.87308502197266,78.87623596191406,78.8794174194336,78.8825912475586,78.88570404052734,78.88874816894531,78.8917465209961,78.89469909667969,10.0
229,86.83934783935547,82.76766967773438,82.09036254882812,82.0423583984375,82.0556869506836,82.06380462646484,82.06797790527344,82.07115936279297,82.07415008544922,82.07707977294922,82.07996368408203,82.0827865600586,82.0855484008789,82.08827209472656,82.09093475341797,150.0
230,79.3921890258789,75.64493560791016,75.2061538696289,75.21835327148438,75.24007415771484,75.24751281738281,75.250244140625,75.25210571289062,75.25384521484375,75.25557708740234,75.25727844238281,75.2589340209961,75.26056671142578,75.26216888427734,75.26374816894531,150.0
231,79.3921890258789,75.64493560791016,75.2061538696289,75.21835327148438,75.24007415771484,75.24751281738281,75.250244140625,75.25210571289062,75.25384521484375,75.25557708740234,75.25727844238281,75.2589340209961,75.26056671142578,75.26216888427734,75.26374816894531,150.0
232,79.3921890258789,75.64493560791016,75.2061538696289,75.21835327148438,75.24007415771484,75.24751281738281,75.250244140625,75.25210571289062,75.25384521484375,75.25557708740234,75.25727844238281,75.2589340209961,75.26056671142578,75.26216888427734,75.26374816894531,150.0
233,79.3921890258789,75.64493560791016,75.2061538696289,75.21835327148438,75.24007415771484,75.24751281738281,75.250244140625,75.25210571289062,75.25384521484375,75.25557708740234,75.25727844238281,75.2589340209961,75.26056671142578,75.26216888427734,75.26374816894531,131.0
234,79.3921890258789,75.64493560791016,75.2061538696289,75.21835327148438,75.24007415771484,75.24751281738281,75.250244140625,75.25210571289062,75.25384521484375,75.25557708740234,75.25727844238281,75.2589340209961,75.26056671142578,75.26216888427734,75.26374816894531,111.0
235,75.83651733398438,72.59259796142578,72.2187271118164,72.20672607421875,72.2125244140625,72.21443176269531,72.21574401855469,72.21742248535156,72.21932220458984,72.22129821777344,72.22328186035156,72.2252197265625,72.22712707519531,72.22900390625,72.23085021972656,91.0
236,75.83651733398438,72.59259796142578,72.2187271118164,72.20672607421875,72.2125244140625,72.21443176269531,72.21574401855469,72.21742248535156,72.21932220458984,72.22129821777344,72.22328186035156,72.2252197265625,72.22712707519531,72.22900390625,72.23085021972656,71.0
237,75.83651733398438,72.59259796142578,72.2187271118164,72.20672607421875,72.2125244140625,72.21443176269531,72.21574401855469,72.21742248535156,72.21932220458984,72.22129821777344,72.22328186035156,72.2252197265625,72.22712707519531,72.22900390625,72.23085021972656,51.0
238,75.83651733398438,72.59259796142578,72.2187271118164,72.20672607421875,72.2125244140625,72.21443176269531,72.21574401855469,72.21742248535156,72.21932220458984,72.22129821777344,72.22328186035156,72.2252197265625,72.22712707519531,72.22900390625,72.23085021972656,31.0
239,79.3921890258789,75.64493560791016,75.2061538696289,75.21835327148438,75.24007415771484,75.24751281738281,75.250244140625,75.25210571289062,75.25384521484375,75.25557708740234,75.25727844238281,75.2589340209961,75.26056671142578,75.26216888427734,75.26374816894531,150.0
240,77.94538879394531,75.10060119628906,74.94654846191406,75.01191711425781,75.03815460205078,75.04376220703125,75.04450988769531,75.0445556640625,75.04457092285156,75.04460906982422,75.04464721679688,75.04466247558594,75.04469299316406,75.04472351074219,75.04476928710938,150.0
241,77.94538879394531,75.10060119628906,74.94654846191406,75.01191711425781,75.03815460205078,75.04376220703125,75.04450988769531,75.0445556640625,75.04457092285156,75.04460906982422,75.04464721679688,75.04466247558594,75.04469299316406,75.04472351074219,75.04476928710938,139.0
242,77.94538879394531,75.10060119628906,74.94654846191406,75.01191711425781,75.03815460205078,75.04376220703125,75.04450988769531,75.0445556640625,75.04457092285156,75.04460906982422,75.04464721679688,75.04466247558594,75.04469299316406,75.04472351074219,75.04476928710938,119.0
243,77.94538879394531,75.10060119628906,74.94654846191406,75.01191711425781,75.03815460205078,75.04376220703125,75.04450988769531,75.0445556640625,75.04457092285156,75.04460906982422,75.04464721679688,75.04466247558594,75.04469299316406,75.04472351074219,75.04476928710938,99.0
244,77.94538879394531,75.10060119628906,74.94654846191406,75.01191711425781,75.03815460205078,75.04376220703125,75.04450988769531,75.0445556640625,75.04457092285156,75.04460906982422,75.04464721679688,75.04466247558594,75.04469299316406,75.04472351074219,75.04476928710938,79.0
245,74.52423095703125,72.17378234863281,72.07766723632812,72.11820983886719,72.12886047363281,72.1291275024414,72.12850952148438,72.1283950805664,72.12857055664062,72.12884521484375,72.12915802001953,72.12945556640625,72.12976837158203,72.13006591796875,72.13037109375,59.0
246,74.52423095703125,72.17378234863281,72.07766723632812,72.11820983886719,72.12886047363281,72.1291275024414,72.12850952148438,72.1283950805664,72.12857055664062,72.12884521484375,72.12915802001953,72.12945556640625,72.12976837158203,72.13006591796875,72.13037109375,39.0
247,74.52423095703125,72.17378234863281,72.07766723632812,72.11820983886719,72.12886047363281,72.1291275024414,72.12850952148438,72.1283950805664,72.12857055664062,72.12884521484375,72.12915802001953,72.12945556640625,72.12976837158203,72.13006591796875,72.13037109375,19.0
248,77.94538879394531,75.10060119628906,74.94654846191406,75.01191711425781,75.03815460205078,75.04376220703125,75.04450988769531,75.0445556640625,75.04457092285156,75.04460906982422,75.04464721679688,75.04466247558594,75.04469299316406,75.04472351074219,75.04476928710938,150.0
249,77.94538879394531,75.10060119628906,74.94654846191406,75.01191711425781,75.03815460205078,75.04376220703125,75.04450988769531,75.0445556640625,75.04457092285156,75.04460906982422,75.04464721679688,75.04466247558594,75.04469299316406,75.04472351074219,75.04476928710938,145.0
250,80.57953643798828,79.01145935058594,79.13654327392578,79.23936462402344,79.26567840576172,79.26869201660156,79.26736450195312,79.26556396484375,79.26377868652344,79.2620620727539,79.26036071777344,79.25867462158203,79.25704193115234,79.25544738769531,79.25386810302734,125.0
251,80.57953643798828,79.01145935058594,79.13654327392578,79.23936462402344,79.26567840576172,79.26869201660156,79.26736450195312,79.26556396484375,79.26377868652344,79.2620620727539,79.26036071777344,79.25867462158203,79.25704193115234,79.25544738769531,79.25386810302734,105.0
252,80.57953643798828,79.01145935058594,79.13654327392578,79.23936462402344,79.26567840576172,79.26869201660156,79.26736450195312,79.26556396484375,79.26377868652344,79.2620620727539,79.26036071777344,79.25867462158203,79.25704193115234,79.25544738769531,79.25386810302734,85.0
253,80.57953643798828,79.01145935058594,79.13654327392578,79.23936462402344,79.26567840576172,79.26869201660156,79.26736450195312,79.26556396484375,79.26377868652344,79.2620620727539,79.26036071777344,79.25867462158203,79.25704193115234,79.25544738769531,79.25386810302734,65.0
254,77.23905944824219,76.15042114257812,76.32675170898438,76.40437316894531,76.41547393798828,76.41336059570312,76.41072845458984,76.40877532958984,76.40715789794922,76.40568542480469,76.40425109863281,76.40284729003906,76.4014892578125,76.40016174316406,76.39884948730469,45.0
255,77.23905944824219,76.15042114257812,76.32675170898438,76.40437316894531,76.41547393798828,76.41336059570312,76.41072845458984,76.40877532958984,76.40715789794922,76.40568542480469,76.40425109863281,76.40284729003906,76.4014892578125,76.40016174316406,76.39884948730469,25.0
256,77.23905944824219,76.15042114257812,76.32675170898438,76.40437316894531,76.41547393798828,76.41336059570312,76.41072845458984,76.40877532958984,76.40715789794922,76.40568542480469,76.40425109863281,76.40284729003906,76.4014892578125,76.40016174316406,76.39884948730469,5.0
257,80.57953643798828,79.01145935058594,79.13654327392578,79.23936462402344,79.26567840576172,79.26869201660156,79.26736450195312,79.26556396484375,79.26377868652344,79.2620620727539,79.26036071777344,79.25867462158203,79.25704193115234,79.25544738769531,79.25386810302734,150.0
258,80.57953643798828,79.01145935058594,79.13654327392578,79.23936462402344,79.26567840576172,79.26869201660156,79.26736450195312,79.26556396484375,79.26377868652344,79.2620620727539,79.26036071777344,79.25867462158203,79.25704193115234,79.25544738769531,79.25386810302734,138.0
259,80.57953643798828,79.01145935058594,79.13654327392578,79.23936462402344,79.26567840576172,79.26869201660156,79.26736450195312,79.26556396484375,79.26377868652344,79.2620620727539,79.26036071777344,79.25867462158203,79.25704193115234,79.25544738769531,79.25386810302734,118.0
260,84.07140350341797,83.8985595703125,84.2506332397461,84.37064361572266,84.39318084716797,84.39354705810547,84.39056396484375,84.38734436035156,84.3841781616211,84.38108825683594,84.37803649902344,84.37503814697266,84.37210083007812,84.3692398071289,84.36641693115234,98.0
261,84.07140350341797,83.8985595703125,84.2506332397461,84.37064361572266,84.39318084716797,84.39354705810547,84.39056396484375,84.38734436035156,84.3841781616211,84.38108825683594,84.37803649902344,84.37503814697266,84.37210083007812,84.3692398071289,84.36641693115234,78.0
262,84.07140350341797,83.8985595703125,84.2506332397461,84.37064361572266,84.39318084716797,84.39354705810547,84.39056396484375,84.38734436035156,84.3841781616211,84.38108825683594,84.37803649902344,84.37503814697266,84.37210083007812,84.3692398071289,84.36641693115234,58.0
263,80.79725646972656,81.08638000488281,81.48385620117188,81.57858276367188,81.58633422851562,81.58174896240234,81.57752990722656,81.57417297363281,81.5711669921875,81.56832885742188,81.5655517578125,81.56281280517578,81.56015014648438,81.55755615234375,81.55500030517578,38.0
264,80.79725646972656,81.08638000488281,81.48385620117188,81.57858276367188,81.58633422851562,81.58174896240234,81.57752990722656,81.57417297363281,81.5711669921875,81.56832885742188,81.5655517578125,81.56281280517578,81.56015014648438,81.55755615234375,81.55500030517578,18.0
265,84.07140350341797,83.8985595703125,84.2506332397461,84.37064361572266,84.39318084716797,84.39354705810547,84.39056396484375,84.38734436035156,84.3841781616211,84.38108825683594,84.37803649902344,84.37503814697266,84.37210083007812,84.3692398071289,84.36641693115234,150.0
266,84.07140350341797,83.8985595703125,84.2506332397461,84.37064361572266,84.39318084716797,84.39354705810547,84.39056396484375,84.38734436035156,84.3841781616211,84.38108825683594,84.37803649902344,84.37503814697266,84.37210083007812,84.3692398071289,84.36641693115234,150.0
267,84.07140350341797,83.8985595703125,84.2506332397461,84.37064361572266,84.39318084716797,84.39354705810547,84.39056396484375,84.38734436035156,84.3841781616211,84.38108825683594,84.37803649902344,84.37503814697266,84.37210083007812,84.3692398071289,84.36641693115234,150.0
268,84.07140350341797,83.8985595703125,84.2506332397461,84.37064361572266,84.39318084716797,84.39354705810547,84.39056396484375,84.38734436035156,84.3841781616211,84.38108825683594,84.37803649902344,84.37503814697266,84.37210083007812,84.3692398071289,84.36641693115234,137.0
269,84.07140350341797,83.8985595703125,84.2506332397461,84.37064361572266,84.39318084716797,84.39354705810547,84.39056396484375,84.38734436035156,84.3841781616211,84.38108825683594,84.37803649902344,84.37503814697266,84.37210083007812,84.3692398071289,84.36641693115234,117.0
270,89.97504425048828,91.07218170166016,91.56585693359375,91.6812515258789,91.69683837890625,91.69477081298828,91.69072723388672,91.68663024902344,91.68263244628906,91.67870330810547,91.67481994628906,91.67101287841797,91.66728210449219,91.66363525390625,91.66004943847656,97.0
271,86.71581268310547,88.25812530517578,88.79301452636719,88.8834457397461,88.88471984863281,88.87788391113281,88.87265014648438,88.86842346191406,88.86457824707031,88.86089324951172,88.85726928710938,88.85372161865234,88.85025787353516,88.84686279296875,88.8435287475586,77.0
272,86.71581268310547,88.25812530517578,88.79301452636719,88.8834457397461,88.88471984863281,88.87788391113281,88.87265014648438,88.86842346191406,88.86457824707031,88.86089324951172,88.85726928710938,88.85372161865234,88.85025787353516,88.84686279296875,88.8435287475586,57.0
273,86.71581268310547,88.25812530517578,88.79301452636719,88.8834457397461,88.88471984863281,88.87788391113281,88.87265014648438,88.86842346191406,88.86457824707031,88.86089324951172,88.85726928710938,88.85372161865234,88.85025787353516,88.84686279296875,88.8435287475586,37.0
274,86.71581268310547,88.25812530517578,88.79301452636719,88.8834457397461,88.88471984863281,88.87788391113281,88.87265014648438,88.86842346191406,88.86457824707031,88.86089324951172,88.85726928710938,88.85372161865234,88.85025787353516,88.84686279296875,88.8435287475586,17.0
275,89.97504425048828,91.07218170166016,91.56585693359375,91.6812515258789,91.69683837890625,91.69477081298828,91.69072723388672,91.68663024902344,91.68263244628906,91.67870330810547,91.67481994628906,91.67101287841797,91.66728210449219,91.66363525390625,91.66004943847656,115.0
276,89.97504425048828,91.07218170166016,91.56585693359375,91.6812515258789,91.69683837890625,91.69477081298828,91.69072723388672,91.68663024902344,91.68263244628906,91.67870330810547,91.67481994628906,91.67101287841797,91.66728210449219,91.66363525390625,91.66004943847656,95.0
277,89.97504425048828,91.07218170166016,91.56585693359375,91.6812515258789,91.69683837890625,91.69477081298828,91.69072723388672,91.68663024902344,91.68263244628906,91.67870330810547,91.67481994628906,91.67101287841797,91.66728210449219,91.66363525390625,91.66004943847656,75.0
278,89.97504425048828,91.07218170166016,91.56585693359375,91.6812515258789,91.69683837890625,91.69477081298828,91.69072723388672,91.68663024902344,91.68263244628906,91.67870330810547,91.67481994628906,91.67101287841797,91.66728210449219,91.66363525390625,91.66004943847656,55.0
279,86.71581268310547,88.25812530517578,88.79301452636719,88.8834457397461,88.88471984863281,88.87788391113281,88.87265014648438,88.86842346191406,88.86457824707031,88.86089324951172,88.85726928710938,88.85372161865234,88.85025787353516,88.84686279296875,88.8435287475586,35.0
280,88.21954345703125,90.66361236572266,91.23461151123047,91.30392456054688,91.29820251464844,91.29032897949219,91.2851791381836,91.2811279296875,91.27740478515625,91.2738037109375,91.27025604248047,91.26679992675781,91.26343536376953,91.26011657714844,91.25686645507812,15.0
281,91.45680236816406,93.47197723388672,94.00565338134766,94.09956359863281,94.10768127441406,94.10440063476562,94.10039520263672,94.09646606445312,94.09259796142578,94.08877563476562,94.08497619628906,94.08126831054688,94.07764434814453,94.07408905029297,94.07058715820312,150.0
282,91.45680236816406,93.47197723388672,94.00565338134766,94.09956359863281,94.10768127441406,94.10440063476562,94.10039520263672,94.09646606445312,94.09259796142578,94.08877563476562,94.08497619628906,94.08126831054688,94.07764434814453,94.07408905029297,94.07058715820312,150.0
283,91.45680236816406,93.47197723388672,94.00565338134766,94.09956359863281,94.10768127441406,94.10440063476562,94.10039520263672,94.09646606445312,94.09259796142578,94.08877563476562,94.08497619628906,94.08126831054688,94.07764434814453,94.07408905029297,94.07058715820312,150.0
284,91.45680236816406,93.47197723388672,94.00565338134766,94.09956359863281,94.10768127441406,94.10440063476562,94.10039520263672,94.09646606445312,94.09259796142578,94.08877563476562,94.08497619628906,94.08126831054688,94.07764434814453,94.07408905029297,94.07058715820312,150.0
285,91.45680236816406,93.47197723388672,94.00565338134766,94.09956359863281,94.10768127441406,94.10440063476562,94.10039520263672,94.09646606445312,94.09259796142578,94.08877563476562,94.08497619628906,94.08126831054688,94.07764434814453,94.07408905029297,94.07058715820312,150.0
286,91.45680236816406,93.47197723388672,94.00565338134766,94.09956359863281,94.10768127441406,94.10440063476562,94.10039520263672,94.09646606445312,94.09259796142578,94.08877563476562,94.08497619628906,94.08126831054688,94.07764434814453,94.07408905029297,94.07058715820312,150.0
287,88.21954345703125,90.66361236572266,91.23461151123047,91.30392456054688,91.29820251464844,91.29032897949219,91.2851791381836,91.2811279296875,91.27740478515625,91.2738037109375,91.27025604248047,91.26679992675781,91.26343536376953,91.26011657714844,91.25686645507812,150.0
288,88.21954345703125,90.66361236572266,91.23461151123047,91.30392456054688,91.29820251464844,91.29032897949219,91.2851791381836,91.2811279296875,91.27740478515625,91.2738037109375,91.27025604248047,91.26679992675781,91.26343536376953,91.26011657714844,91.25686645507812,150.0
289,88.21954345703125,90.66361236572266,91.23461151123047,91.30392456054688,91.29820251464844,91.29032897949219,91.2851791381836,91.2811279296875,91.27740478515625,91.2738037109375,91.27025604248047,91.26679992675781,91.26343536376953,91.26011657714844,91.25686645507812,150.0
290,97.47784423828125,100.359130859375,100.86810302734375,100.90355682373047,100.89066314697266,100.88233947753906,100.8776626586914,100.87403869628906,100.87069702148438,100.86746215820312,100.86426544189453,100.86114501953125,100.85810089111328,100.8551025390625,100.85218048095703,141.0
291,100.73580932617188,103.20166778564453,103.67634582519531,103.73590087890625,103.73639678955078,103.73249053955078,103.72891998291016,103.72541809082031,103.72193908691406,103.71847534179688,103.71504974365234,103.71168518066406,103.70840454101562,103.70516967773438,103.7020034790039,150.0
292,100.73580932617188,103.20166778564453,103.67634582519531,103.73590087890625,103.73639678955078,103.73249053955078,103.72891998291016,103.72541809082031,103.72193908691406,103.71847534179688,103.71504974365234,103.71168518066406,103.70840454101562,103.70516967773438,103.7020034790039,150.0
293,100.73580932617188,103.20166778564453,103.67634582519531,103.73590087890625,103.73639678955078,103.73249053955078,103.72891998291016,103.72541809082031,103.72193908691406,103.71847534179688,103.71504974365234,103.71168518066406,103.70840454101562,103.70516967773438,103.7020034790039,150.0
294,100.73580932617188,103.20166778564453,103.67634582519531,103.73590087890625,103.73639678955078,103.73249053955078,103.72891998291016,103.72541809082031,103.72193908691406,103.71847534179688,103.71504974365234,103.71168518066406,103.70840454101562,103.70516967773438,103.7020034790039,150.0
295,100.73580932617188,103.20166778564453,103.67634582519531,103.73590087890625,103.73639678955078,103.73249053955078,103.72891998291016,103.72541809082031,103.72193908691406,103.71847534179688,103.71504974365234,103.71168518066406,103.70840454101562,103.70516967773438,103.7020034790039,150.0
296,100.73580932617188,103.20166778564453,103.67634582519531,103.73590087890625,103.73639678955078,103.73249053955078,103.72891998291016,103.72541809082031,103.72193908691406,103.71847534179688,103.71504974365234,103.71168518066406,103.70840454101562,103.70516967773438,103.7020034790039,138.0
297,97.47784423828125,100.359130859375,100.86810302734375,100.90355682373047,100.89066314697266,100.88233947753906,100.8776626586914,100.87403869628906,100.87069702148438,100.86746215820312,100.86426544189453,100.86114501953125,100.85810089111328,100.8551025390625,100.85218048095703,118.0
298,97.47784423828125,100.359130859375,100.86810302734375,100.90355682373047,100.89066314697266,100.88233947753906,100.8776626586914,100.87403869628906,100.87069702148438,100.86746215820312,100.86426544189453,100.86114501953125,100.85810089111328,100.8551025390625,100.85218048095703,98.0
299,97.47784423828125,100.359130859375,100.86810302734375,100.90355682373047,100.89066314697266,100.88233947753906,100.8776626586914,100.87403869628906,100.87069702148438,100.86746215820312,100.86426544189453,100.86114501953125,100.85810089111328,100.8551025390625,100.85218048095703,78.0
300,111.41393280029297,114.24117279052734,114.61070251464844,114.60684204101562,114.58804321289062,114.58000946044922,114.57616424560547,114.57328796386719,114.57061004638672,114.5680160522461,114.56544494628906,114.56294250488281,114.56050109863281,114.55810546875,114.55574035644531,58.0
